 Time  pos_drone.x  pos_drone.y  pos_drone.z  q_drone_x  q_drone_y  q_drone_z  q_drone_w 
0.210447  -1.11479  0.107635  -1.3549  -0.327697 0.125683 0.0840379 -0.932607 
0.388976  -1.08169  0.110413  -1.34698  -0.31911 0.115964 0.0780395 -0.937353 
0.437792  -1.07136  0.111504  -1.34657  -0.31882 0.113155 0.0740873 -0.938116 
0.488279  -1.05985  0.112136  -1.34711  -0.313681 0.112303 0.067907 -0.940415 
0.540644  -1.04816  0.112689  -1.3491  -0.306497 0.107063 0.0650973 -0.943589 
0.590647  -1.0365  0.113603  -1.35325  -0.304772 0.0964736 0.0618059 -0.945509 
0.638424  -1.0252  0.115328  -1.35879  -0.308058 0.0878426 0.0622525 -0.945256 
0.688079  -1.01451  0.116788  -1.36309  -0.311246 0.0818815 0.0596532 -0.944914 
0.737728  -1.00331  0.11772  -1.36527  -0.310394 0.0801183 0.0582405 -0.945434 
0.788744  -0.99283  0.1188  -1.36604  -0.308711 0.076043 0.0543358 -0.946553 
0.83911  -0.983418  0.120569  -1.36607  -0.309023 0.0702261 0.047183 -0.947284 
0.889061  -0.975628  0.122243  -1.36597  -0.304334 0.0572032 0.0366158 -0.950141 
0.93919  -0.971278  0.122953  -1.36588  -0.302203 0.0336549 0.00808515 -0.952615 
0.990141  -0.96684  0.122751  -1.36554  -0.303264 0.0261261 0.00169754 -0.952547 
1.04008  -0.962332  0.12171  -1.36414  -0.303077 0.025538 -0.00385347 -0.952616 
1.08826  -0.95827  0.119145  -1.3624  -0.298688 0.0284606 -0.0124373 -0.953845 
1.13926  -0.954827  0.115384  -1.36066  -0.298936 0.0333384 -0.0142466 -0.953584 
1.18934  -0.950095  0.110771  -1.35911  -0.294201 0.0386715 -0.00851242 -0.954923 
1.23931  -0.945649  0.105014  -1.35754  -0.290668 0.0444191 -0.00270723 -0.955788 
1.2897  -0.94148  0.0988628  -1.35603  -0.287094 0.0463083 0.00547961 -0.956767 
1.33968  -0.937987  0.0915093  -1.35423  -0.284417 0.0487552 0.00849156 -0.957423 
1.3894  -0.9344  0.0828381  -1.35238  -0.281483 0.0539378 0.0172597 -0.957893 
1.43944  -0.930725  0.0729422  -1.35046  -0.276048 0.0591474 0.0264589 -0.958957 
1.4886  -0.927087  0.0616667  -1.34865  -0.272977 0.0609999 0.0316509 -0.959563 
1.53908  -0.924214  0.0490612  -1.34791  -0.272829 0.0628253 0.0425852 -0.959064 
1.59006  -0.922305  0.035999  -1.34825  -0.270659 0.0627167 0.048752 -0.959392 
1.63885  -0.92159  0.0218781  -1.34848  -0.27318 0.0598029 0.0518588 -0.958701 
1.68976  -0.922258  0.00483387  -1.34858  -0.266953 0.0698287 0.0472362 -0.960015 
1.73978  -0.924492  -0.011897  -1.34869  -0.266735 0.0732342 0.0431062 -0.960016 
1.78973  -0.927643  -0.0282412  -1.34868  -0.265824 0.0757148 0.043253 -0.96007 
1.83829  -0.931231  -0.0438891  -1.34879  -0.269167 0.0748572 0.0459407 -0.95908 
1.88852  -0.935104  -0.0594988  -1.34824  -0.2712 0.0757491 0.0505029 -0.958208 
1.93937  -0.939055  -0.0746702  -1.3468  -0.272676 0.0796316 0.0542654 -0.957268 
1.98934  -0.943129  -0.0888961  -1.34492  -0.271243 0.0824401 0.0554531 -0.957369 
2.03919  -0.947458  -0.101248  -1.343  -0.269956 0.0851498 0.060843 -0.957168 
2.08906  -0.951773  -0.112054  -1.34088  -0.267487 0.0876778 0.0669535 -0.957225 
2.1391  -0.95674  -0.121107  -1.33929  -0.262262 0.0878479 0.0703256 -0.958413 
2.19009  -0.962855  -0.128774  -1.3383  -0.260833 0.0900874 0.074145 -0.958307 
2.24023  -0.970072  -0.134732  -1.33802  -0.261382 0.0899371 0.0754218 -0.958072 
2.28884  -0.977978  -0.138761  -1.33809  -0.25811 0.0907936 0.0788542 -0.958602 
2.33888  -0.987142  -0.14166  -1.33886  -0.257237 0.0860908 0.0772034 -0.959404 
2.38894  -0.997013  -0.143802  -1.34006  -0.259864 0.083292 0.0777249 -0.958902 
2.44114  -1.00788  -0.144503  -1.34105  -0.259159 0.0801953 0.076475 -0.959457 
2.48803  -1.01721  -0.144128  -1.34194  -0.257805 0.0803772 0.0760232 -0.959842 
2.53829  -1.03175  -0.141932  -1.3433  -0.259571 0.0786389 0.0747373 -0.959611 
2.5908  -1.04452  -0.139305  -1.34446  -0.260769 0.0803697 0.0733922 -0.959246 
2.64023  -1.05717  -0.136124  -1.34626  -0.259802 0.079554 0.07142 -0.959726 
2.68829  -1.07008  -0.133186  -1.34834  -0.256688 0.0784715 0.0715165 -0.960645 
2.73938  -1.08267  -0.131098  -1.35113  -0.25383 0.0789379 0.0756154 -0.961052 
2.79064  -1.09497  -0.129075  -1.35495  -0.25641 0.0761608 0.0808841 -0.960162 
2.8391  -1.10665  -0.12755  -1.35829  -0.257063 0.0752062 0.0835174 -0.959837 
2.88807  -1.11695  -0.12687  -1.36054  -0.257555 0.075526 0.0870941 -0.959362 
2.94164  -1.12564  -0.126937  -1.36265  -0.25824 0.0766597 0.091298 -0.958697 
2.98853  -1.13299  -0.127801  -1.36469  -0.261567 0.0746939 0.0944723 -0.957642 
3.03916  -1.13863  -0.129712  -1.36639  -0.262013 0.0756563 0.0995665 -0.956928 
3.08904  -1.14302  -0.133045  -1.36771  -0.261684 0.0781847 0.105731 -0.956154 
3.13941  -1.14592  -0.137874  -1.36877  -0.261786 0.0798841 0.110514 -0.955444 
3.19005  -1.14771  -0.144665  -1.36921  -0.2582 0.0839275 0.115786 -0.955449 
3.24022  -1.14842  -0.153451  -1.36981  -0.260507 0.0849546 0.122214 -0.95393 
3.28831  -1.14777  -0.163911  -1.36985  -0.263463 0.0882459 0.129692 -0.95183 
3.33931  -1.14621  -0.176494  -1.36908  -0.264848 0.0912294 0.136667 -0.950187 
3.38934  -1.14278  -0.191567  -1.36731  -0.266274 0.0987831 0.14803 -0.947326 
3.43933  -1.13894  -0.208804  -1.36529  -0.264088 0.101662 0.157968 -0.946028 
3.48814  -1.13378  -0.227956  -1.36333  -0.265937 0.103443 0.168932 -0.943419 
3.53814  -1.12781  -0.247757  -1.36228  -0.256228 0.107013 0.181148 -0.943441 
3.59076  -1.12269  -0.267565  -1.36198  -0.252636 0.101878 0.191469 -0.94294 
3.63912  -1.11782  -0.286363  -1.36112  -0.252381 0.107208 0.204914 -0.939585 
3.68881  -1.11252  -0.303365  -1.35988  -0.248716 0.111259 0.217465 -0.937268 
3.73962  -1.10924  -0.316253  -1.35965  -0.246633 0.107724 0.222347 -0.937086 
3.78965  -1.10647  -0.333356  -1.36013  -0.242678 0.110989 0.232844 -0.935186 
3.8387  -1.10657  -0.346116  -1.36136  -0.242962 0.110666 0.239488 -0.933471 
3.89071  -1.10753  -0.357588  -1.3624  -0.242371 0.112997 0.247789 -0.931176 
3.94073  -1.10849  -0.369159  -1.36283  -0.245021 0.119081 0.250832 -0.928907 
3.98837  -1.10974  -0.380334  -1.3625  -0.246059 0.125301 0.253768 -0.927015 
4.03916  -1.11161  -0.389226  -1.36218  -0.243279 0.129734 0.257542 -0.926098 
4.09087  -1.11548  -0.402392  -1.36226  -0.252219 0.129828 0.254822 -0.924444 
4.13848  -1.12004  -0.414034  -1.36185  -0.254227 0.12938 0.253317 -0.92437 
4.18963  -1.12502  -0.42612  -1.3608  -0.254323 0.130514 0.254672 -0.923811 
4.2397  -1.13135  -0.43942  -1.35996  -0.254902 0.131368 0.254857 -0.92348 
4.2882  -1.13922  -0.453819  -1.35973  -0.257534 0.129848 0.255983 -0.922653 
4.33857  -1.14861  -0.468909  -1.36011  -0.252848 0.125352 0.258608 -0.923838 
4.39015  -1.15763  -0.485741  -1.36133  -0.252296 0.125675 0.25763 -0.924218 
4.44018  -1.16689  -0.5021  -1.36357  -0.25075 0.121654 0.260595 -0.924346 
4.4878  -1.17554  -0.517929  -1.36697  -0.251899 0.115483 0.261766 -0.924494 
4.53838  -1.18066  -0.528452  -1.36919  -0.257493 0.110847 0.262277 -0.923375 
4.59033  -1.18066  -0.528452  -1.36919  -0.257493 0.110847 0.262277 -0.923375 
4.63885  -1.19506  -0.564015  -1.37457  -0.256919 0.112609 0.259028 -0.924239 
4.68892  -1.20005  -0.580367  -1.37699  -0.257236 0.110462 0.25864 -0.924518 
4.74114  -1.20399  -0.599012  -1.37909  -0.259371 0.105908 0.256105 -0.92516 
4.78845  -1.20515  -0.61353  -1.38076  -0.254215 0.10445 0.256275 -0.926708 
4.83886  -1.20501  -0.627499  -1.38243  -0.260915 0.104985 0.254906 -0.925162 
4.89079  -1.20361  -0.635701  -1.38324  -0.258795 0.106002 0.256001 -0.925339 
4.93913  -1.19842  -0.651083  -1.38532  -0.263731 0.109611 0.25918 -0.922636 
4.98836  -1.19583  -0.656628  -1.38633  -0.264099 0.112455 0.261624 -0.921498 
5.04002  -1.18508  -0.674583  -1.38999  -0.265857 0.11934 0.273525 -0.916658 
5.0899  -1.17659  -0.687972  -1.39236  -0.269595 0.11858 0.277677 -0.914414 
5.14003  -1.16549  -0.702251  -1.39401  -0.272484 0.119518 0.286771 -0.910621 
5.18974  -1.15145  -0.716744  -1.39467  -0.272866 0.128434 0.301232 -0.904604 
5.24064  -1.13656  -0.730985  -1.39536  -0.267001 0.131521 0.315093 -0.901182 
5.28871  -1.12075  -0.745721  -1.39549  -0.263975 0.135295 0.329779 -0.896247 
5.3418  -1.10415  -0.760329  -1.39483  -0.25776 0.134097 0.340262 -0.894315 
5.38911  -1.08732  -0.775307  -1.39293  -0.256123 0.135182 0.351142 -0.890408 
5.43915  -1.07069  -0.789566  -1.39036  -0.251889 0.136939 0.361266 -0.887292 
5.48906  -1.05506  -0.803038  -1.38768  -0.249807 0.137564 0.367887 -0.88506 
5.53906  -1.04225  -0.813142  -1.38511  -0.244982 0.140279 0.372371 -0.884107 
5.59109  -1.02491  -0.825104  -1.38184  -0.237346 0.143097 0.37736 -0.883623 
5.63909  -1.01071  -0.833887  -1.37946  -0.231451 0.143077 0.380223 -0.883963 
5.68844  -0.996887  -0.841825  -1.37772  -0.228313 0.145595 0.382221 -0.883506 
5.73966  -0.98256  -0.848754  -1.37593  -0.231055 0.146898 0.382949 -0.882261 
5.7897  -0.967312  -0.854681  -1.37426  -0.229728 0.151201 0.384424 -0.881238 
5.83871  -0.951617  -0.859719  -1.37266  -0.230717 0.152834 0.384198 -0.880797 
5.88876  -0.934876  -0.864046  -1.37073  -0.23076 0.153958 0.384902 -0.880282 
5.94129  -0.916758  -0.867709  -1.36872  -0.230551 0.154316 0.385099 -0.880188 
5.99068  -0.897849  -0.870697  -1.3668  -0.231435 0.151897 0.384084 -0.88082 
6.03854  -0.877079  -0.872584  -1.36477  -0.232917 0.151181 0.386509 -0.879491 
6.08892  -0.855894  -0.873594  -1.36349  -0.237124 0.146935 0.385874 -0.879366 
6.14001  -0.833321  -0.874175  -1.36247  -0.238891 0.149834 0.388888 -0.877067 
6.1897  -0.809889  -0.874851  -1.36209  -0.235525 0.150768 0.392209 -0.876338 
6.23872  -0.786418  -0.875737  -1.36307  -0.226745 0.146449 0.392244 -0.879366 
6.28864  -0.764064  -0.877937  -1.36477  -0.223127 0.142712 0.391771 -0.881115 
6.33885  -0.743486  -0.881587  -1.36657  -0.226465 0.140452 0.390677 -0.881112 
6.38864  -0.723628  -0.885832  -1.3669  -0.226728 0.143286 0.391151 -0.880378 
6.44073  -0.704433  -0.889934  -1.36605  -0.222114 0.146437 0.389981 -0.881553 
6.48853  -0.686106  -0.893967  -1.3652  -0.215706 0.148741 0.3915 -0.882086 
6.53899  -0.669084  -0.898136  -1.36474  -0.215574 0.15246 0.393588 -0.880552 
6.59077  -0.652172  -0.90219  -1.36395  -0.209138 0.151549 0.397221 -0.88063 
6.63854  -0.634673  -0.906804  -1.36278  -0.2067 0.151403 0.400916 -0.879556 
6.68968  -0.616224  -0.912381  -1.36137  -0.206642 0.153199 0.405638 -0.87709 
6.73977  -0.600478  -0.917729  -1.36025  -0.202223 0.15278 0.410348 -0.876002 
6.78818  -0.581216  -0.925647  -1.35938  -0.201421 0.155864 0.416522 -0.872723 
6.84152  -0.556884  -0.937018  -1.3587  -0.199623 0.158162 0.427483 -0.867406 
6.88813  -0.549715  -0.94042  -1.3586  -0.196782 0.159407 0.430942 -0.866115 
6.93969  -0.512024  -0.959113  -1.35943  -0.194025 0.157439 0.448251 -0.858276 
6.99002  -0.490172  -0.970218  -1.36  -0.194362 0.155873 0.458122 -0.853259 
7.03971  -0.470472  -0.98182  -1.3598  -0.194803 0.152894 0.46092 -0.85219 
7.08866  -0.45057  -0.992708  -1.35764  -0.192393 0.155449 0.467534 -0.848665 
7.13877  -0.43255  -1.00255  -1.35406  -0.186005 0.161081 0.475562 -0.844568 
7.19113  -0.416704  -1.01061  -1.35051  -0.181261 0.163892 0.483472 -0.840559 
7.24086  -0.403661  -1.01797  -1.34702  -0.172754 0.163403 0.489853 -0.838749 
7.28816  -0.393507  -1.02675  -1.34449  -0.169516 0.163699 0.492299 -0.837919 
7.34077  -0.385971  -1.03731  -1.34333  -0.167482 0.16555 0.493512 -0.837251 
7.38901  -0.379942  -1.04889  -1.34281  -0.167768 0.167882 0.495501 -0.835553 
7.4392  -0.374956  -1.06113  -1.34282  -0.168414 0.169019 0.495492 -0.835199 
7.48846  -0.369934  -1.07382  -1.34238  -0.166863 0.169897 0.495402 -0.835385 
7.53889  -0.365859  -1.08734  -1.34174  -0.168226 0.168488 0.49469 -0.835819 
7.58959  -0.36379  -1.10192  -1.34172  -0.175041 0.164629 0.491801 -0.836893 
7.63969  -0.362805  -1.11701  -1.34194  -0.178307 0.16794 0.494535 -0.833929 
7.68817  -0.362179  -1.12705  -1.34192  -0.173927 0.168185 0.495677 -0.834127 
7.73862  -0.361201  -1.14551  -1.344  -0.163032 0.16902 0.506731 -0.829504 
7.7913  -0.360673  -1.15944  -1.3478  -0.167558 0.166828 0.511322 -0.826222 
7.83856  -0.359609  -1.17245  -1.35214  -0.170024 0.172058 0.518564 -0.82011 
7.88968  -0.358051  -1.18389  -1.35681  -0.170109 0.170743 0.524656 -0.816484 
7.94075  -0.355418  -1.19367  -1.36169  -0.167443 0.173283 0.53231 -0.811531 
7.98805  -0.351346  -1.20203  -1.36634  -0.168879 0.17384 0.534415 -0.809729 
8.03801  -0.344332  -1.20804  -1.36999  -0.164971 0.178119 0.542564 -0.804166 
8.08935  -0.335957  -1.21319  -1.3738  -0.168333 0.1781 0.545821 -0.801264 
8.14024  -0.325644  -1.21697  -1.37685  -0.172334 0.179504 0.549881 -0.797314 
8.18846  -0.313409  -1.21932  -1.3784  -0.174206 0.181874 0.553022 -0.794192 
8.23948  -0.298596  -1.22023  -1.37877  -0.171288 0.184606 0.559737 -0.789478 
8.28939  -0.281161  -1.21996  -1.37875  -0.17056 0.18594 0.563979 -0.786297 
8.33934  -0.261639  -1.2183  -1.37862  -0.172177 0.187932 0.570051 -0.781075 
8.38872  -0.239831  -1.21553  -1.37846  -0.169842 0.187007 0.57701 -0.776686 
8.44005  -0.216272  -1.21112  -1.37822  -0.164595 0.191978 0.58912 -0.767457 
8.48798  -0.192689  -1.20703  -1.37802  -0.163249 0.188611 0.597984 -0.761702 
8.53797  -0.169141  -1.20366  -1.37804  -0.163388 0.189114 0.605583 -0.755519 
8.59061  -0.146553  -1.20163  -1.37799  -0.162948 0.188662 0.610948 -0.751397 
8.63921  -0.124849  -1.19979  -1.378  -0.162258 0.192973 0.615636 -0.74661 
8.69032  -0.104758  -1.19694  -1.37804  -0.157622 0.194666 0.624375 -0.739876 
8.73888  -0.0865387  -1.19333  -1.37833  -0.156236 0.198332 0.629682 -0.73468 
8.7896  -0.0703106  -1.18948  -1.37876  -0.155654 0.200199 0.632873 -0.731549 
8.83967  -0.0552036  -1.18454  -1.37884  -0.153689 0.201535 0.635686 -0.729155 
8.88864  -0.0408336  -1.17811  -1.37809  -0.150584 0.202853 0.638772 -0.726736 
8.93869  -0.0268689  -1.1704  -1.37655  -0.148284 0.204529 0.642345 -0.723584 
8.99059  -0.0132103  -1.16116  -1.37409  -0.147014 0.205411 0.644395 -0.721767 
9.0385  0.000534615  -1.14993  -1.37075  -0.142363 0.206869 0.649139 -0.718023 
9.08827  0.013965  -1.13721  -1.36736  -0.141554 0.205191 0.652227 -0.715862 
9.13933  0.0274335  -1.12214  -1.36396  -0.139714 0.203455 0.657055 -0.712295 
9.18941  0.0405658  -1.10595  -1.36131  -0.1438 0.200816 0.659777 -0.709711 
9.23957  0.0538195  -1.08852  -1.35934  -0.146178 0.19982 0.663956 -0.705597 
9.28939  0.0680591  -1.07041  -1.35764  -0.138531 0.201737 0.671308 -0.699612 
9.3408  0.0832212  -1.05301  -1.35674  -0.129261 0.196324 0.676061 -0.698348 
9.38935  0.0992902  -1.03706  -1.35751  -0.125407 0.191283 0.682352 -0.694319 
9.43908  0.115244  -1.02419  -1.35957  -0.133173 0.18729 0.684659 -0.691686 
9.4881  0.131631  -1.01255  -1.36049  -0.136982 0.186845 0.685812 -0.689918 
9.53941  0.148174  -1.00109  -1.35909  -0.130401 0.186986 0.687692 -0.689284 
9.59078  0.1643  -0.990225  -1.35681  -0.120003 0.185086 0.691954 -0.687417 
9.63839  0.179736  -0.980444  -1.35509  -0.116032 0.183851 0.694987 -0.685367 
9.68977  0.194918  -0.97056  -1.35344  -0.114727 0.181538 0.699662 -0.681436 
9.73976  0.211032  -0.960237  -1.35079  -0.109945 0.181347 0.706073 -0.675637 
9.78872  0.228477  -0.94977  -1.34794  -0.106791 0.180756 0.711686 -0.670392 
9.83943  0.247473  -0.939362  -1.34533  -0.104525 0.181735 0.718324 -0.663369 
9.88931  0.267907  -0.928984  -1.34339  -0.102584 0.185117 0.726305 -0.653979 
9.93969  0.289525  -0.918509  -1.34188  -0.0986851 0.188561 0.736605 -0.641965 
9.98942  0.312413  -0.907915  -1.34064  -0.0908068 0.196135 0.748126 -0.627369 
10.0394  0.335531  -0.896379  -1.33961  -0.0789464 0.19661 0.762053 -0.611872 
10.0893  0.3578  -0.886894  -1.34001  -0.0723627 0.199528 0.773214 -0.597572 
10.1385  0.377996  -0.879559  -1.34104  -0.0758378 0.203636 0.779731 -0.587197 
10.1902  0.396785  -0.873312  -1.3421  -0.0733901 0.200158 0.785195 -0.581395 
10.2403  0.41329  -0.868849  -1.34277  -0.0699437 0.20087 0.791209 -0.573365 
10.2883  0.427662  -0.866258  -1.34338  -0.0714439 0.200912 0.796139 -0.566298 
10.339  0.440607  -0.865325  -1.34315  -0.0695664 0.204751 0.800901 -0.558386 
10.3912  0.452073  -0.865237  -1.34131  -0.0691439 0.207086 0.802956 -0.554614 
10.4386  0.46154  -0.8648  -1.33753  -0.0668602 0.20784 0.808606 -0.54634 
10.4885  0.469718  -0.865048  -1.33375  -0.0651224 0.206224 0.814353 -0.538573 
10.5389  0.478191  -0.866626  -1.3303  -0.06107 0.204101 0.819641 -0.531792 
10.5889  0.488284  -0.869304  -1.32755  -0.0571853 0.201836 0.824786 -0.525091 
10.6389  0.499806  -0.873796  -1.32594  -0.0579823 0.20182 0.82874 -0.518745 
10.691  0.512648  -0.880153  -1.32606  -0.0553949 0.203187 0.832869 -0.511836 
10.7382  0.525858  -0.887154  -1.3272  -0.050221 0.20095 0.838543 -0.503927 
10.7897  0.539434  -0.895034  -1.32994  -0.0552312 0.201601 0.842548 -0.496407 
10.8398  0.552856  -0.901392  -1.33321  -0.0526582 0.198622 0.848635 -0.487438 
10.8887  0.565892  -0.907605  -1.33707  -0.0529025 0.198303 0.853622 -0.478756 
10.9387  0.578757  -0.912811  -1.34179  -0.0558268 0.193061 0.858666 -0.47149 
10.9888  0.592172  -0.917129  -1.34692  -0.0626907 0.192585 0.859647 -0.469029 
11.0388  0.605965  -0.919496  -1.3512  -0.0674495 0.19562 0.860521 -0.465497 
11.0909  0.617107  -0.91906  -1.35382  -0.0649271 0.202303 0.86212 -0.460008 
11.1391  0.632715  -0.915355  -1.35698  -0.0641669 0.206184 0.864879 -0.453161 
11.1893  0.643636  -0.910565  -1.35883  -0.0621124 0.209374 0.866875 -0.448142 
11.2392  0.658823  -0.901308  -1.3607  -0.0659964 0.215476 0.868076 -0.442333 
11.2892  0.671095  -0.890572  -1.36087  -0.0645602 0.219507 0.871538 -0.433671 
11.3386  0.682632  -0.876474  -1.3599  -0.0589948 0.22327 0.876544 -0.422304 
11.3911  0.693335  -0.860021  -1.35816  -0.0538529 0.225492 0.882216 -0.409815 
11.4385  0.703333  -0.841793  -1.3561  -0.0448905 0.222811 0.88968 -0.395993 
11.4885  0.713513  -0.823295  -1.35411  -0.0374128 0.219632 0.897588 -0.380392 
11.5387  0.723228  -0.809292  -1.35301  -0.0347367 0.221815 0.902008 -0.368746 
11.5879  0.73798  -0.791273  -1.35087  -0.0286416 0.224099 0.907775 -0.353416 
11.6381  0.749972  -0.776684  -1.34836  -0.0248369 0.218307 0.911936 -0.346551 
11.6903  0.760981  -0.7635  -1.34618  -0.0192243 0.215652 0.914425 -0.341981 
11.7388  0.771363  -0.752585  -1.34556  -0.0165884 0.212778 0.917559 -0.335463 
11.7889  0.781726  -0.7442  -1.34603  -0.0148442 0.213562 0.919536 -0.329583 
11.8412  0.791594  -0.737101  -1.34626  -0.00886685 0.212517 0.922408 -0.322369 
11.8882  0.7964  -0.734275  -1.34627  -0.00750428 0.213078 0.923289 -0.319499 
11.9416  0.810667  -0.727269  -1.3457  -0.00506102 0.215151 0.924541 -0.314497 
11.9881  0.820633  -0.723813  -1.3448  -0.00587417 0.212031 0.92569 -0.313221 
12.0386  0.830819  -0.720966  -1.343  -0.00275789 0.215417 0.926524 -0.30845 
12.0893  0.840991  -0.718655  -1.34068  -0.00106525 0.217477 0.927485 -0.304097 
12.1393  0.851568  -0.716806  -1.33764  0.000488492 0.218516 0.928477 -0.3003 
12.1881  0.862412  -0.714977  -1.33432  0.00434604 0.217176 0.93031 -0.295531 
12.2381  0.874629  -0.71418  -1.33209  0.00376022 0.217863 0.932414 -0.288316 
12.2913  0.888538  -0.713771  -1.33145  0.00488007 0.218195 0.934171 -0.282298 
12.3391  0.903651  -0.713807  -1.33221  0.00587511 0.214526 0.938461 -0.270619 
12.3891  0.920618  -0.713609  -1.33446  0.00152814 0.216199 0.939775 -0.264725 
12.4391  0.938001  -0.712926  -1.33722  -0.000402549 0.213814 0.942379 -0.257303 
12.4891  0.956064  -0.712064  -1.34105  -0.00329239 0.214911 0.9429 -0.254445 
12.5391  0.973734  -0.710205  -1.34568  -0.00749636 0.213369 0.944601 -0.249293 
12.5891  0.991064  -0.707921  -1.35094  -0.0115019 0.215096 0.94431 -0.248758 
12.6391  1.00777  -0.704  -1.35608  -0.0179822 0.214368 0.9436 -0.251677 
12.6901  1.02291  -0.698314  -1.36062  -0.0176026 0.215306 0.943452 -0.25146 
12.7401  1.0303  -0.695245  -1.3629  -0.0186373 0.215603 0.943175 -0.252167 
12.7901  1.05097  -0.684272  -1.36896  -0.0216975 0.215237 0.943685 -0.250322 
12.8389  1.06377  -0.675794  -1.37171  -0.0248343 0.21372 0.943329 -0.252659 
12.8896  1.07506  -0.665577  -1.37322  -0.0211797 0.215678 0.943051 -0.252366 
12.9398  1.08495  -0.654158  -1.37441  -0.0212073 0.215843 0.942526 -0.254177 
12.9897  1.09318  -0.640697  -1.37508  -0.0209219 0.216906 0.942155 -0.254671 
13.0399  1.10018  -0.625902  -1.37552  -0.0223121 0.21913 0.941333 -0.25569 
13.0882  1.10582  -0.609158  -1.37563  -0.022191 0.220167 0.941234 -0.255171 
13.1393  1.10976  -0.590268  -1.37526  -0.0215971 0.222017 0.941753 -0.25168 
13.189  1.11127  -0.570179  -1.37502  -0.0206168 0.218483 0.943146 -0.249633 
13.2391  1.11165  -0.5489  -1.37431  -0.0162158 0.217748 0.945219 -0.242661 
13.2891  1.11304  -0.527013  -1.37359  -0.0157724 0.219115 0.946497 -0.236395 
13.3401  1.11529  -0.504861  -1.37254  -0.0100941 0.217611 0.948361 -0.230555 
13.3889  1.11838  -0.48333  -1.3717  -0.000137812 0.22408 0.948867 -0.222352 
13.4389  1.12175  -0.463055  -1.37103  0.00303518 0.224972 0.950263 -0.215358 
13.4891  1.12433  -0.443409  -1.37001  0.0106244 0.228229 0.95071 -0.209642 
13.5389  1.12582  -0.425677  -1.36867  0.0121921 0.227523 0.95129 -0.207683 
13.5909  1.12577  -0.409419  -1.36628  0.0162347 0.227161 0.951317 -0.207677 
13.6381  1.12492  -0.394667  -1.36364  0.0181213 0.223367 0.951876 -0.209069 
13.6896  1.12298  -0.380642  -1.36085  0.0208039 0.221749 0.952161 -0.209248 
13.7397  1.11948  -0.367145  -1.35803  0.0253792 0.219991 0.95248 -0.209146 
13.7887  1.11399  -0.354043  -1.35531  0.0288182 0.217064 0.953172 -0.208606 
13.8387  1.10685  -0.341498  -1.35316  0.0314155 0.218332 0.953113 -0.207173 
13.8889  1.09761  -0.329221  -1.35143  0.0296244 0.215534 0.954292 -0.204923 
13.941  1.08661  -0.316674  -1.34969  0.0282941 0.215684 0.954778 -0.202681 
13.9881  1.07388  -0.303569  -1.34781  0.0269388 0.213686 0.955946 -0.199451 
14.038  1.05954  -0.289883  -1.34574  0.0252795 0.211289 0.956886 -0.197704 
14.0893  1.04331  -0.275142  -1.34377  0.0253667 0.209269 0.958049 -0.194179 
14.1394  1.02604  -0.259604  -1.34253  0.0215503 0.20178 0.960278 -0.191536 
14.1885  1.00788  -0.244061  -1.34211  0.0245915 0.200911 0.960385 -0.191547 
14.24  0.993758  -0.230457  -1.3427  0.0194342 0.191923 0.962535 -0.190563 
14.2888  0.974398  -0.211549  -1.34391  0.0175477 0.19492 0.962803 -0.186303 
14.3396  0.960516  -0.195197  -1.34488  0.0122684 0.19868 0.962145 -0.186152 
14.3888  0.947743  -0.178462  -1.34463  0.0134245 0.1965 0.963464 -0.181506 
14.4406  0.93476  -0.161379  -1.34295  0.0199661 0.193355 0.964761 -0.177344 
14.488  0.92215  -0.143917  -1.34112  0.0223361 0.191167 0.965653 -0.174558 
14.539  0.910739  -0.128615  -1.33937  0.0285917 0.192658 0.966153 -0.169156 
14.5891  0.895584  -0.106277  -1.33732  0.0284692 0.190012 0.967772 -0.162796 
14.6391  0.881468  -0.0848771  -1.33456  0.0355091 0.193338 0.968252 -0.154425 
14.6901  0.866384  -0.0613886  -1.33095  0.0382899 0.195409 0.969167 -0.14514 
14.739  0.850314  -0.0367501  -1.32663  0.0400067 0.197326 0.970331 -0.133868 
14.7908  0.834024  -0.011253  -1.32165  0.0446843 0.193722 0.972726 -0.119493 
14.8385  0.81788  0.0155563  -1.31678  0.0548774 0.197225 0.973555 -0.1014 
14.8897  0.800316  0.0430096  -1.31213  0.0665226 0.184767 0.977342 -0.0789888 
14.9397  0.784141  0.0687869  -1.31037  0.0717142 0.176224 0.97985 -0.0607958 
14.9897  0.772028  0.0909137  -1.31141  0.0710934 0.169951 0.981595 -0.0503468 
15.0383  0.762771  0.110376  -1.31358  0.0724782 0.171562 0.981778 -0.0377496 
15.0901  0.754492  0.126716  -1.31478  0.0730474 0.164791 0.983302 -0.0250034 
15.1401  0.747259  0.140294  -1.31593  0.0802021 0.172745 0.981574 -0.0154904 
15.1883  0.741756  0.150363  -1.31679  0.0783155 0.169987 0.982302 -0.00737932 
15.24  0.737602  0.158016  -1.31726  0.0848668 0.173428 0.981178 0.00308787 
15.2894  0.73467  0.163884  -1.31757  0.0840797 0.170731 0.981647 0.0123084 
15.3406  0.732527  0.168857  -1.31652  0.0845664 0.169148 0.981809 0.0169697 
15.3884  0.732252  0.172685  -1.31606  0.0867581 0.16852 0.981676 0.0196342 
15.4397  0.734084  0.177301  -1.31566  0.0890675 0.167492 0.981459 0.0274199 
15.4883  0.737661  0.181014  -1.31611  0.0911396 0.167617 0.981163 0.0303036 
15.5391  0.742073  0.184781  -1.31689  0.0889912 0.167562 0.981194 0.0355366 
15.5891  0.747676  0.188201  -1.31907  0.0869359 0.16484 0.981641 0.0406417 
15.6401  0.754125  0.191974  -1.3223  0.0879062 0.167655 0.980745 0.0479941 
15.6889  0.759421  0.195553  -1.32508  0.0857797 0.173068 0.979821 0.0513923 
15.7388  0.7678  0.201494  -1.32883  0.0791446 0.180712 0.978815 0.0547797 
15.7895  0.774264  0.206843  -1.33092  0.075796 0.183095 0.978491 0.0573243 
15.8398  0.779717  0.212921  -1.33176  0.0761262 0.181367 0.978586 0.0606579 
15.8897  0.783757  0.220279  -1.33206  0.0764531 0.17543 0.979468 0.0634107 
15.9398  0.787608  0.228768  -1.33295  0.0769563 0.173071 0.97955 0.0678653 
15.9898  0.79084  0.238288  -1.3354  0.0767189 0.168471 0.980083 0.0718911 
16.0398  0.792994  0.249186  -1.33838  0.0738084 0.173536 0.979321 0.0732668 
16.0888  0.791509  0.261035  -1.34043  0.0753105 0.174831 0.978717 0.0766522 
16.1388  0.787116  0.274071  -1.34186  0.079182 0.17741 0.977594 0.0810285 
16.1893  0.780798  0.288402  -1.34289  0.0791964 0.177948 0.976986 0.0869573 
16.2394  0.772502  0.304406  -1.34352  0.0834163 0.183777 0.97497 0.0932836 
16.2893  0.760757  0.321596  -1.34291  0.0871036 0.185942 0.973334 0.102269 
16.3394  0.746332  0.339231  -1.34189  0.0934623 0.186463 0.971019 0.116699 
16.3893  0.7296  0.356554  -1.34064  0.0996778 0.183009 0.968885 0.133546 
16.4395  0.712091  0.37365  -1.33901  0.103898 0.172696 0.968097 0.148896 
16.4894  0.696225  0.390101  -1.33874  0.0997373 0.1705 0.967261 0.159341 
16.5394  0.682258  0.406079  -1.33892  0.0914514 0.174257 0.966543 0.164516 
16.5896  0.668444  0.420624  -1.33827  0.08873 0.171472 0.965979 0.172071 
16.6394  0.655091  0.433615  -1.33721  0.094176 0.16502 0.965681 0.177088 
16.6906  0.641443  0.444461  -1.33579  0.0926065 0.160645 0.966473 0.177613 
16.7391  0.627039  0.45228  -1.33413  0.0933667 0.159287 0.966229 0.179755 
16.7891  0.610863  0.457342  -1.33144  0.0992905 0.156438 0.965519 0.182872 
16.8391  0.593596  0.460246  -1.32766  0.102388 0.150162 0.965727 0.185312 
16.8912  0.576068  0.46133  -1.32382  0.102486 0.146791 0.966078 0.186126 
16.9391  0.55731  0.460531  -1.32041  0.101108 0.146113 0.966156 0.187007 
16.9892  0.537058  0.457465  -1.31751  0.0993819 0.146171 0.965967 0.18885 
17.0401  0.51479  0.4522  -1.31518  0.0988091 0.148986 0.965394 0.189881 
17.089  0.490401  0.444377  -1.31356  0.0971818 0.144689 0.965794 0.191997 
17.1388  0.464878  0.435044  -1.31342  0.0909807 0.13976 0.966837 0.193434 
17.1898  0.43965  0.425795  -1.31391  0.0917504 0.142091 0.965578 0.197615 
17.2397  0.414539  0.416788  -1.31483  0.092025 0.137765 0.964944 0.203556 
17.2883  0.392361  0.409602  -1.31595  0.0931912 0.138126 0.963915 0.207619 
17.3382  0.375345  0.404856  -1.31661  0.0945114 0.13641 0.962985 0.212413 
17.3901  0.35394  0.400042  -1.31668  0.0982297 0.135235 0.961301 0.219006 
17.4388  0.339843  0.397819  -1.31596  0.101398 0.133623 0.960159 0.223512 
17.4889  0.3215  0.396215  -1.31427  0.103435 0.131844 0.958986 0.228616 
17.5389  0.306088  0.396091  -1.3127  0.104939 0.130573 0.957025 0.23673 
17.5908  0.290598  0.3975  -1.31097  0.107587 0.129952 0.955195 0.243187 
17.6386  0.274527  0.400306  -1.30912  0.109424 0.129159 0.952716 0.252342 
17.689  0.25713  0.403891  -1.30741  0.11016 0.126088 0.95015 0.263026 
17.7409  0.251259  0.405034  -1.30696  0.111551 0.123871 0.949141 0.267103 
17.7892  0.22022  0.412901  -1.30443  0.116622 0.120867 0.941419 0.292441 
17.8391  0.20048  0.419017  -1.3026  0.12216 0.118193 0.935943 0.308412 
17.8891  0.18091  0.42574  -1.3004  0.13284 0.112323 0.927744 0.330195 
17.939  0.161063  0.432228  -1.29716  0.140217 0.103312 0.918647 0.354616 
17.9892  0.143256  0.439534  -1.2943  0.146469 0.097896 0.908718 0.378411 
18.0391  0.128274  0.446786  -1.29153  0.147351 0.0886471 0.901664 0.396777 
18.0901  0.116442  0.45407  -1.28932  0.154139 0.0878756 0.894289 0.410811 
18.1388  0.10753  0.460144  -1.2881  0.158922 0.0847195 0.887604 0.42394 
18.1896  0.101632  0.464922  -1.28824  0.15488 0.0758019 0.881887 0.438796 
18.2397  0.0977629  0.46699  -1.28804  0.168112 0.0803634 0.875427 0.445991 
18.2887  0.0954775  0.468723  -1.28878  0.169155 0.0815493 0.870009 0.455874 
18.3387  0.0948442  0.470393  -1.29012  0.170406 0.0856916 0.865461 0.463246 
18.3892  0.0944675  0.472507  -1.29208  0.167064 0.0861975 0.861991 0.470777 
18.4393  0.0950181  0.475303  -1.29396  0.168104 0.0876991 0.858825 0.475888 
18.4886  0.0959311  0.478511  -1.29537  0.166346 0.0876845 0.854266 0.484634 
18.5386  0.0974162  0.481708  -1.29549  0.160085 0.0833019 0.851049 0.493101 
18.5909  0.0992699  0.484677  -1.29573  0.162081 0.0846479 0.850145 0.49378 
18.6392  0.101806  0.488275  -1.29532  0.158028 0.0798497 0.84438 0.505642 
18.689  0.105845  0.492355  -1.29623  0.154452 0.0855339 0.842687 0.508633 
18.739  0.109934  0.497458  -1.29795  0.156715 0.0883723 0.838288 0.514688 
18.7892  0.114665  0.503995  -1.29946  0.154713 0.0866643 0.834466 0.521747 
18.8401  0.118549  0.511472  -1.30057  0.156412 0.0903906 0.831994 0.524548 
18.8889  0.121836  0.519775  -1.30135  0.154341 0.0934905 0.829652 0.528315 
18.9407  0.123795  0.526947  -1.30186  0.152403 0.0907676 0.829327 0.529861 
18.9891  0.125067  0.537357  -1.30304  0.147782 0.0924297 0.830207 0.529504 
19.039  0.124427  0.546382  -1.30451  0.145265 0.0922132 0.830801 0.529305 
19.089  0.12196  0.554955  -1.30605  0.141671 0.0919008 0.831641 0.529015 
19.139  0.118016  0.56321  -1.30825  0.139532 0.0933377 0.831922 0.52889 
19.189  0.11211  0.570107  -1.31045  0.139265 0.0947142 0.829868 0.531934 
19.2391  0.104262  0.575156  -1.31264  0.14143 0.0971474 0.824541 0.539159 
19.2899  0.0953872  0.578614  -1.31422  0.140564 0.0900163 0.818246 0.550102 
19.3401  0.0844732  0.581329  -1.31532  0.147465 0.092932 0.811423 0.557863 
19.3883  0.0713499  0.583741  -1.31614  0.149197 0.0935071 0.804915 0.566664 
19.441  0.0561382  0.586482  -1.31626  0.149304 0.088188 0.796263 0.579566 
19.4878  0.0390503  0.589174  -1.31621  0.1577 0.0865624 0.784272 0.593763 
19.5389  0.0197597  0.592437  -1.31593  0.163243 0.0820879 0.772855 0.607708 
19.589  0.0130286  0.59363  -1.31578  0.160959 0.0748023 0.769645 0.613306 
19.6391  -0.0190587  0.600107  -1.31649  0.165927 0.0745673 0.752948 0.632437 
19.689  -0.0366877  0.605439  -1.31852  0.162887 0.0776292 0.747952 0.638756 
19.7391  -0.0534198  0.610566  -1.32009  0.165093 0.0754514 0.739405 0.64833 
19.7901  -0.0587245  0.612284  -1.32054  0.164333 0.0743344 0.736604 0.651831 
19.8406  -0.0842974  0.619354  -1.32098  0.171806 0.0719618 0.724437 0.663698 
19.8901  -0.0937653  0.621162  -1.32049  0.171843 0.0686186 0.720956 0.66782 
19.9384  -0.0982797  0.62172  -1.31985  0.172578 0.0677514 0.719367 0.669431 
19.9887  -0.0982797  0.62172  -1.31985  0.172578 0.0677514 0.719367 0.669431 
20.038  -0.10042  0.621774  -1.31949  0.172308 0.0678266 0.718568 0.67035 
20.0905  -0.142267  0.611198  -1.30899  0.17329 0.0557465 0.706108 0.684305 
20.1403  -0.152115  0.604939  -1.30539  0.171865 0.0518043 0.702516 0.688658 
20.1883  -0.16216  0.597155  -1.30174  0.170217 0.0474334 0.69737 0.694587 
20.2393  -0.171508  0.588107  -1.29841  0.169162 0.0520216 0.692389 0.699483 
20.2894  -0.181078  0.576877  -1.2954  0.166533 0.0501343 0.686884 0.705651 
20.3394  -0.19088  0.56467  -1.29322  0.165673 0.0542194 0.683737 0.708602 
20.3886  -0.202121  0.551704  -1.29086  0.157683 0.04488 0.679553 0.715073 
20.4402  -0.21586  0.539354  -1.28931  0.154102 0.0290136 0.672633 0.723171 
20.488  -0.231057  0.529231  -1.29169  0.144316 0.0275615 0.670204 0.727489 
20.538  -0.247051  0.52185  -1.29628  0.142656 0.040325 0.669825 0.727569 
20.5889  -0.257143  0.516771  -1.29894  0.141307 0.0448261 0.666618 0.730509 
20.6391  -0.276405  0.507756  -1.30225  0.143973 0.0421729 0.660225 0.735932 
20.689  -0.289648  0.501462  -1.30344  0.142136 0.0392014 0.657726 0.738686 
20.739  -0.302826  0.493901  -1.30372  0.146894 0.0344106 0.649884 0.744908 
20.7891  -0.313586  0.487047  -1.30418  0.146928 0.0336041 0.643375 0.750568 
20.839  -0.330307  0.476423  -1.30357  0.141501 0.0326541 0.63655 0.75744 
20.889  -0.346623  0.466586  -1.30235  0.149223 0.0274427 0.625711 0.765157 
20.939  -0.364403  0.456525  -1.30157  0.154059 0.0227244 0.614641 0.773282 
20.989  -0.38296  0.446396  -1.30136  0.157582 0.0198027 0.600488 0.783703 
21.0384  -0.402032  0.436861  -1.30245  0.160922 0.014856 0.58654 0.793634 
21.0887  -0.420915  0.427846  -1.30492  0.163726 0.00955368 0.565209 0.808481 
21.1389  -0.439781  0.419403  -1.30841  0.166969 0.00484853 0.544481 0.821972 
21.1909  -0.458568  0.412026  -1.31204  0.168571 0.00430955 0.52652 0.833272 
21.2409  -0.477172  0.406321  -1.31569  0.168559 0.00568082 0.515731 0.839986 
21.2882  -0.49524  0.400965  -1.31814  0.170558 0.00760291 0.506908 0.844924 
21.3393  -0.511085  0.39419  -1.31887  0.173051 0.00750204 0.499273 0.848954 
21.3906  -0.524399  0.385685  -1.31792  0.172718 -0.00105492 0.491516 0.853569 
21.4387  -0.536163  0.376638  -1.31621  0.172469 -0.00595084 0.485926 0.856793 
21.4881  -0.546335  0.365956  -1.31379  0.173613 -0.00850844 0.480092 0.859824 
21.5387  -0.554736  0.353803  -1.31048  0.172284 -0.00945325 0.474793 0.863018 
21.5887  -0.561137  0.340391  -1.30688  0.169233 -0.0128365 0.469633 0.866395 
21.6406  -0.56618  0.326318  -1.30343  0.166158 -0.015251 0.465451 0.869203 
21.6892  -0.570798  0.31128  -1.30027  0.1637 -0.0166387 0.458946 0.873094 
21.7391  -0.574873  0.294641  -1.29797  0.161128 -0.0156557 0.451634 0.877393 
21.7892  -0.578024  0.277929  -1.2968  0.160906 -0.0103957 0.447683 0.879535 
21.84  -0.580592  0.259545  -1.2957  0.156561 -0.00840684 0.441585 0.883414 
21.889  -0.582958  0.240315  -1.29483  0.150293 -0.0122463 0.433627 0.888386 
21.9395  -0.586619  0.222414  -1.29529  0.142675 -0.0122672 0.428254 0.89224 
21.9897  -0.591147  0.204939  -1.29642  0.139672 -0.0108506 0.421165 0.896099 
22.0382  -0.596763  0.189181  -1.29777  0.141266 -0.00593301 0.416121 0.898249 
22.089  -0.600448  0.179124  -1.29809  0.1425 -0.00431732 0.411938 0.89999 
22.1403  -0.608098  0.160432  -1.29773  0.14342 -0.0102026 0.405814 0.902575 
22.1892  -0.614428  0.147412  -1.29771  0.144581 -0.0181001 0.399176 0.905222 
22.24  -0.621326  0.133899  -1.2977  0.14699 -0.0231418 0.389557 0.908902 
22.2898  -0.628661  0.119824  -1.29736  0.148871 -0.0277084 0.380373 0.912352 
22.3393  -0.636487  0.104546  -1.29635  0.14984 -0.0286305 0.371323 0.915886 
22.3894  -0.644558  0.0878785  -1.29442  0.147634 -0.0331045 0.360071 0.920574 
22.4394  -0.653785  0.0713811  -1.2929  0.147943 -0.0349 0.3476 0.92524 
22.4886  -0.664436  0.0544147  -1.29119  0.152162 -0.0406808 0.331883 0.930078 
22.5392  -0.675575  0.037513  -1.28968  0.14715 -0.0505701 0.30918 0.938188 
22.5908  -0.681396  0.0292022  -1.28922  0.14517 -0.0521374 0.30073 0.941153 
22.6392  -0.697226  0.00833817  -1.29062  0.141627 -0.0598951 0.275602 0.948893 
22.6892  -0.71181  -0.00679712  -1.29495  0.148002 -0.0527851 0.258023 0.953275 
22.7391  -0.723667  -0.0189244  -1.29744  0.147672 -0.0446926 0.251425 0.9555 
22.7899  -0.732784  -0.0301203  -1.29891  0.150164 -0.0458215 0.243866 0.957016 
22.8402  -0.738198  -0.0393861  -1.29951  0.152882 -0.0509826 0.234552 0.958652 
22.889  -0.741671  -0.0473692  -1.2999  0.148176 -0.0514083 0.226391 0.961326 
22.9396  -0.74219  -0.0546411  -1.29989  0.151518 -0.0541754 0.220138 0.962105 
22.9897  -0.741503  -0.0613321  -1.29962  0.154044 -0.0571666 0.212191 0.963316 
23.0397  -0.739246  -0.0673779  -1.29884  0.150911 -0.0604873 0.204983 0.965168 
23.0893  -0.736749  -0.0726102  -1.29837  0.151278 -0.0554372 0.201401 0.966167 
23.1393  -0.733088  -0.0773812  -1.29856  0.145226 -0.0580914 0.199772 0.967278 
23.1882  -0.730885  -0.080863  -1.3004  0.149974 -0.0544598 0.190934 0.968548 
23.2381  -0.729668  -0.0847879  -1.30248  0.152744 -0.0554211 0.177938 0.970534 
23.2911  -0.728716  -0.0890357  -1.30388  0.153788 -0.0494211 0.172179 0.971731 
23.3392  -0.7276  -0.0953262  -1.30441  0.15444 -0.0475432 0.164654 0.973025 
23.3884  -0.726837  -0.102599  -1.30512  0.154611 -0.0446921 0.154467 0.974802 
23.4408  -0.725928  -0.111734  -1.30681  0.154901 -0.0359286 0.139515 0.977369 
23.488  -0.725261  -0.122071  -1.30862  0.158308 -0.0259987 0.123428 0.9793 
23.538  -0.725827  -0.133577  -1.31084  0.16308 -0.0249529 0.106861 0.980491 
23.591  -0.726608  -0.141828  -1.31103  0.162152 -0.0261071 0.0946719 0.981867 
23.6409  -0.731193  -0.158903  -1.31219  0.156214 -0.032965 0.0677854 0.984843 
23.6881  -0.73594  -0.168508  -1.31351  0.157956 -0.0363604 0.0515529 0.985429 
23.7405  -0.742963  -0.181255  -1.3145  0.148336 -0.036456 0.0372223 0.987564 
23.7892  -0.748945  -0.190051  -1.31507  0.144935 -0.0393389 0.0320365 0.98814 
23.8391  -0.756306  -0.200304  -1.31628  0.141147 -0.0479517 0.0197014 0.98863 
23.89  -0.761991  -0.205938  -1.31786  0.143138 -0.0486276 0.0132562 0.988419 
23.9401  -0.76734  -0.209476  -1.31894  0.144773 -0.0498787 0.0103495 0.988153 
23.988  -0.77217  -0.210873  -1.31886  0.147248 -0.0485895 0.0119041 0.987834 
24.0386  -0.776158  -0.210343  -1.31853  0.147124 -0.0508254 0.0131361 0.987724 
24.09  -0.779202  -0.208315  -1.31781  0.149865 -0.0546005 0.0149039 0.987085 
24.1404  -0.781739  -0.203798  -1.31729  0.15811 -0.0562474 0.0183105 0.985648 
24.1882  -0.782523  -0.197981  -1.31688  0.160408 -0.0567738 0.0204682 0.985204 
24.2401  -0.782471  -0.1916  -1.31672  0.153743 -0.0533768 0.0286821 0.986251 
24.2889  -0.781932  -0.186062  -1.31681  0.153085 -0.0530367 0.0281859 0.986386 
24.3395  -0.781236  -0.177714  -1.31784  0.157277 -0.0510765 0.0286176 0.985818 
24.3898  -0.780738  -0.172962  -1.3188  0.162278 -0.0494994 0.0291132 0.985073 
24.4387  -0.778311  -0.163547  -1.3202  0.155053 -0.0490529 0.0334484 0.986121 
24.4887  -0.776019  -0.157466  -1.32104  0.153932 -0.0540333 0.0303651 0.986136 
24.5387  -0.774494  -0.151892  -1.32281  0.159894 -0.0521307 0.0293341 0.98532 
24.5904  -0.772892  -0.146681  -1.32488  0.165177 -0.0520844 0.0280464 0.984488 
24.6385  -0.772004  -0.143561  -1.32637  0.168168 -0.0567864 0.0283798 0.983712 
24.6904  -0.770082  -0.136442  -1.32987  0.174284 -0.0626268 0.0258288 0.982363 
24.7409  -0.768963  -0.131397  -1.33278  0.176096 -0.0593469 0.0236149 0.982299 
24.7881  -0.767619  -0.127048  -1.33533  0.181498 -0.0606643 0.0207834 0.981298 
24.8416  -0.765369  -0.121751  -1.3374  0.180553 -0.0581615 0.0190469 0.981659 
24.8886  -0.762739  -0.117097  -1.33815  0.182123 -0.0569896 0.0154582 0.981501 
24.9389  -0.759432  -0.112363  -1.33827  0.180117 -0.0571237 0.0137334 0.981889 
24.988  -0.756011  -0.108112  -1.33726  0.177603 -0.0544552 0.0135809 0.982501 
25.0407  -0.753072  -0.104062  -1.33628  0.173727 -0.0522432 0.0126233 0.983326 
25.0891  -0.751  -0.101336  -1.33507  0.171694 -0.0481172 0.0139791 0.983875 
25.1391  -0.749844  -0.0999716  -1.33374  0.176268 -0.0431328 0.0178857 0.983234 
25.1884  -0.74797  -0.100187  -1.33235  0.176064 -0.0426145 0.0165592 0.983317 
25.2399  -0.745517  -0.101367  -1.3314  0.175032 -0.0460397 0.014755 0.983375 
25.2887  -0.742809  -0.104357  -1.33065  0.171679 -0.0488353 0.0144113 0.983836 
25.3406  -0.739503  -0.107943  -1.33033  0.171184 -0.0457376 0.0132844 0.984087 
25.3891  -0.735148  -0.113182  -1.33004  0.171906 -0.046407 0.00966433 0.983972 
25.4391  -0.730194  -0.118825  -1.32986  0.164123 -0.0500082 0.00332387 0.985166 
25.4891  -0.725771  -0.124956  -1.33005  0.165303 -0.0466383 0.00399317 0.985131 
25.5384  -0.72131  -0.131809  -1.32982  0.164317 -0.0479697 -0.000817537 0.98524 
25.5895  -0.718749  -0.13511  -1.32967  0.164238 -0.0495659 -0.00364137 0.985168 
25.6397  -0.712667  -0.145438  -1.328  0.168217 -0.050455 -0.00886232 0.984418 
25.6882  -0.70903  -0.151807  -1.32681  0.166179 -0.0566923 -0.0135641 0.984371 
25.7389  -0.706658  -0.157743  -1.32535  0.167945 -0.0607779 -0.019412 0.983729 
25.7908  -0.704263  -0.1626  -1.32313  0.170889 -0.0647677 -0.0230014 0.98289 
25.8391  -0.702487  -0.166209  -1.3211  0.166592 -0.0654026 -0.0252045 0.983532 
25.889  -0.70114  -0.169391  -1.3191  0.162265 -0.0651524 -0.0271456 0.98422 
25.9391  -0.699972  -0.171791  -1.31812  0.159338 -0.0653456 -0.0251994 0.984737 
25.989  -0.699205  -0.173887  -1.31801  0.158835 -0.0635068 -0.0240713 0.984966 
26.039  -0.698767  -0.174764  -1.31839  0.159952 -0.0620608 -0.0227711 0.984909 
26.0892  -0.697367  -0.176297  -1.31951  0.156104 -0.0609373 -0.0186762 0.985682 
26.1392  -0.696236  -0.176268  -1.32011  0.154102 -0.0667701 -0.0192437 0.985608 
26.1891  -0.694438  -0.176209  -1.31998  0.153606 -0.0742328 -0.0223792 0.985086 
26.2391  -0.690962  -0.175135  -1.31768  0.143512 -0.0797845 -0.0222686 0.986176 
26.2891  -0.687672  -0.174975  -1.31401  0.134115 -0.0910804 -0.0236254 0.986488 
26.339  -0.686025  -0.173552  -1.31174  0.124827 -0.0923231 -0.0222095 0.987624 
26.3909  -0.684291  -0.173854  -1.30896  0.12053 -0.103069 -0.0196454 0.987149 
26.4391  -0.682919  -0.175078  -1.30619  0.114011 -0.114949 -0.0194041 0.986616 
26.4881  -0.683647  -0.174878  -1.30598  0.118717 -0.113538 -0.0132589 0.986326 
26.5405  -0.68398  -0.17536  -1.30679  0.122419 -0.115265 -0.0104206 0.985707 
26.5908  -0.683941  -0.174536  -1.31108  0.133874 -0.114 -0.0103001 0.984366 
26.6381  -0.684962  -0.173349  -1.31645  0.152111 -0.111065 -0.0173954 0.981949 
26.6904  -0.684564  -0.173299  -1.32065  0.167716 -0.107398 -0.0299434 0.97951 
26.7409  -0.683918  -0.176138  -1.32315  0.177565 -0.118815 -0.0406579 0.976064 
26.7884  -0.682519  -0.180044  -1.3251  0.182805 -0.138505 -0.0623007 0.971348 
26.8424  -0.681534  -0.185424  -1.32743  0.181222 -0.159342 -0.08419 0.966789 
26.8894  -0.682647  -0.190344  -1.33116  0.193146 -0.17171 -0.0918336 0.961653 
26.9394  -0.685986  -0.19762  -1.33768  0.199073 -0.169103 -0.0960574 0.960493 
26.9894  -0.691589  -0.205613  -1.3451  0.228503 -0.170689 -0.101775 0.953044 
27.0393  -0.696132  -0.211949  -1.35057  0.248996 -0.156918 -0.0929736 0.951175 
27.0894  -0.701277  -0.21903  -1.35407  0.257351 -0.141794 -0.0838476 0.952174 
27.1394  -0.705904  -0.221482  -1.3533  0.25828 -0.136358 -0.0780117 0.953211 
27.1894  -0.712349  -0.22243  -1.34898  0.246469 -0.115074 -0.0679296 0.959894 
27.2386  -0.717685  -0.224693  -1.34196  0.237364 -0.110961 -0.0556951 0.963454 
27.2886  -0.721745  -0.227563  -1.33501  0.225273 -0.111864 -0.0453026 0.966792 
27.34  -0.725409  -0.231881  -1.33029  0.215201 -0.117266 -0.043408 0.968531 
27.3902  -0.728749  -0.235943  -1.32838  0.213556 -0.116902 -0.0362937 0.969232 
27.438  -0.732143  -0.240436  -1.32912  0.210378 -0.114736 -0.0334232 0.970289 
27.4881  -0.735115  -0.243903  -1.3305  0.213059 -0.110659 -0.0313274 0.970247 
27.5382  -0.737553  -0.246538  -1.33145  0.218219 -0.107227 -0.0288036 0.969563 
27.5912  -0.73843  -0.247275  -1.33136  0.218019 -0.107507 -0.0302552 0.969533 
27.6382  -0.739315  -0.24799  -1.32816  0.223778 -0.123019 -0.0451144 0.965792 
27.6903  -0.737655  -0.247811  -1.32389  0.219604 -0.138413 -0.0569833 0.964038 
27.7407  -0.736525  -0.247679  -1.32073  0.208377 -0.144655 -0.0655362 0.965069 
27.7884  -0.737266  -0.247152  -1.32014  0.211213 -0.13646 -0.0541346 0.966353 
27.8404  -0.735218  -0.246165  -1.32051  0.208197 -0.132872 -0.048748 0.967793 
27.8891  -0.733294  -0.244749  -1.32203  0.20874 -0.129359 -0.040669 0.968525 
27.9391  -0.730769  -0.242558  -1.325  0.212719 -0.11894 -0.0282373 0.969436 
27.9908  -0.727194  -0.240248  -1.32728  0.215728 -0.11376 -0.0244856 0.969495 
28.0384  -0.72322  -0.238161  -1.32781  0.21532 -0.110505 -0.0259356 0.969924 
28.0898  -0.719599  -0.237312  -1.32718  0.220139 -0.111836 -0.0292726 0.968594 
28.1405  -0.715001  -0.23417  -1.32641  0.218735 -0.106199 -0.0283222 0.969575 
28.1883  -0.709723  -0.231285  -1.32419  0.211227 -0.104371 -0.029347 0.971405 
28.2382  -0.705713  -0.228404  -1.32161  0.208776 -0.108132 -0.0260329 0.971618 
28.2911  -0.702248  -0.224479  -1.31933  0.204016 -0.111062 -0.0261775 0.972295 
28.3385  -0.699814  -0.221995  -1.3177  0.206461 -0.118987 -0.0178026 0.97103 
28.3898  -0.69694  -0.219168  -1.31752  0.205062 -0.126603 -0.0223558 0.970269 
28.439  -0.694668  -0.215182  -1.31831  0.212483 -0.121242 -0.019853 0.969411 
28.4889  -0.692356  -0.210413  -1.31898  0.212825 -0.113712 -0.0197458 0.97025 
28.5408  -0.690003  -0.206776  -1.3176  0.21089 -0.116907 -0.0269103 0.97012 
28.5891  -0.689016  -0.205387  -1.31607  0.212195 -0.120369 -0.0261772 0.969432 
28.64  -0.686458  -0.203512  -1.31183  0.206909 -0.129833 -0.0333448 0.969134 
28.6888  -0.686812  -0.204699  -1.31077  0.210792 -0.140522 -0.030663 0.966892 
28.7388  -0.685162  -0.206584  -1.30934  0.20166 -0.162661 -0.0407484 0.964994 
28.7895  -0.684103  -0.207188  -1.30952  0.198 -0.170363 -0.0430408 0.964324 
28.8397  -0.682493  -0.203543  -1.31156  0.190862 -0.159166 -0.0518028 0.967241 
28.8897  -0.681794  -0.204162  -1.31174  0.18822 -0.158459 -0.0551198 0.967691 
28.9387  -0.68305  -0.202475  -1.31244  0.194244 -0.141012 -0.0494499 0.969505 
28.9908  -0.684046  -0.202152  -1.31232  0.191975 -0.134082 -0.0460644 0.971105 
29.0407  -0.686235  -0.201023  -1.31225  0.205695 -0.122798 -0.0321586 0.970349 
29.088  -0.686923  -0.202131  -1.31115  0.212198 -0.125125 -0.035076 0.968548 
29.1382  -0.688152  -0.204055  -1.3104  0.209292 -0.13334 -0.0428853 0.96777 
29.1894  -0.689195  -0.208429  -1.30935  0.204009 -0.149554 -0.0473272 0.96632 
29.2412  -0.693269  -0.212447  -1.30835  0.208613 -0.14737 -0.041357 0.965946 
29.2892  -0.697592  -0.217475  -1.30651  0.22481 -0.139885 -0.0281445 0.963899 
29.3391  -0.699601  -0.222237  -1.30399  0.231954 -0.143516 -0.0277626 0.961681 
29.389  -0.701263  -0.225551  -1.30268  0.233599 -0.146935 -0.0277459 0.960766 
29.4391  -0.701263  -0.225551  -1.30268  0.233599 -0.146935 -0.0277459 0.960766 
29.4892  -0.706825  -0.243042  -1.2967  0.25598 -0.20877 -0.0448354 0.942804 
29.5385  -0.704706  -0.256709  -1.287  0.259585 -0.299242 -0.0752595 0.915099 
29.5907  -0.698695  -0.263108  -1.27587  0.252288 -0.37369 -0.0989109 0.887087 
29.639  -0.694826  -0.268092  -1.26273  0.248928 -0.45811 -0.121169 0.844682 
29.6884  -0.694667  -0.269613  -1.25865  0.257946 -0.487455 -0.13148 0.82375 
29.7414  -0.696209  -0.273257  -1.25802  0.275014 -0.516494 -0.146175 0.797643 
29.7886  -0.697363  -0.274631  -1.26099  0.279195 -0.523454 -0.153766 0.790191 
29.84  -0.698851  -0.276157  -1.26567  0.279476 -0.527436 -0.162984 0.785583 
29.8902  -0.699158  -0.27668  -1.26821  0.262061 -0.523801 -0.167714 0.792987 
29.9392  -0.695343  -0.274146  -1.26728  0.220897 -0.530004 -0.200755 0.793724 
29.9907  -0.691646  -0.270459  -1.26205  0.212743 -0.559152 -0.241854 0.763935 
30.0384  -0.690734  -0.267152  -1.25801  0.229113 -0.592652 -0.273074 0.722289 
30.091  -0.687713  -0.263507  -1.24736  0.246639 -0.649141 -0.314999 0.646963 
30.1384  -0.68789  -0.261757  -1.24234  0.266741 -0.665481 -0.331979 0.613005 
30.1897  -0.687948  -0.26079  -1.23647  0.272282 -0.676947 -0.339252 0.593728 
30.2398  -0.689993  -0.26154  -1.23368  0.287042 -0.685417 -0.341143 0.575701 
30.2898  -0.690842  -0.26016  -1.23363  0.293823 -0.690384 -0.346042 0.563287 
30.3398  -0.691552  -0.259494  -1.23453  0.297817 -0.693178 -0.339847 0.561528 
30.3882  -0.690036  -0.257062  -1.23572  0.287788 -0.69811 -0.342408 0.559086 
30.4384  -0.688829  -0.254496  -1.23719  0.290507 -0.707447 -0.347298 0.542686 
30.4884  -0.68828  -0.251397  -1.2395  0.299535 -0.711047 -0.35917 0.525059 
30.5392  -0.687631  -0.246956  -1.24096  0.305552 -0.715631 -0.371157 0.506709 
30.59  -0.687384  -0.242872  -1.24271  0.313231 -0.72132 -0.377755 0.488759 
30.6402  -0.686256  -0.238493  -1.24446  0.315857 -0.725617 -0.384321 0.475406 
30.6888  -0.685017  -0.233962  -1.24657  0.316114 -0.725869 -0.393252 0.467482 
30.7389  -0.684605  -0.230627  -1.24903  0.31908 -0.724728 -0.399896 0.461563 
30.789  -0.68392  -0.22827  -1.25044  0.318546 -0.725803 -0.404554 0.456152 
30.8424  -0.684065  -0.227237  -1.2499  0.328438 -0.725554 -0.407556 0.446764 
30.8886  -0.684104  -0.226775  -1.24732  0.330111 -0.731635 -0.403596 0.439144 
30.9402  -0.68332  -0.226118  -1.24395  0.327501 -0.738507 -0.394569 0.437796 
30.9902  -0.682377  -0.226192  -1.24064  0.325915 -0.733403 -0.386453 0.454482 
31.0401  -0.680315  -0.224559  -1.23621  0.310432 -0.749521 -0.362806 0.4585 
31.0888  -0.678083  -0.221285  -1.23092  0.288066 -0.749957 -0.356293 0.477114 
31.1391  -0.675985  -0.218655  -1.2252  0.273695 -0.752296 -0.355902 0.482157 
31.1909  -0.674021  -0.218255  -1.2197  0.261305 -0.7551 -0.360234 0.48143 
31.2391  -0.67198  -0.2193  -1.21841  0.251386 -0.756054 -0.367003 0.480101 
31.29  -0.669777  -0.222082  -1.21962  0.24348 -0.756039 -0.37607 0.477174 
31.3402  -0.668668  -0.223827  -1.22311  0.242304 -0.749716 -0.387036 0.478976 
31.3901  -0.666585  -0.223674  -1.22703  0.238932 -0.74476 -0.399954 0.477788 
31.4383  -0.664691  -0.223202  -1.22893  0.231889 -0.74029 -0.406916 0.482305 
31.4883  -0.661999  -0.220831  -1.2307  0.222263 -0.743839 -0.412848 0.476298 
31.5405  -0.659223  -0.215727  -1.23398  0.208371 -0.756992 -0.427945 0.447669 
31.5891  -0.656979  -0.210854  -1.24092  0.224333 -0.761914 -0.452086 0.405931 
31.6391  -0.65231  -0.204933  -1.2497  0.217253 -0.753817 -0.478955 0.393906 
31.689  -0.647752  -0.195706  -1.25689  0.22034 -0.743238 -0.500981 0.384794 
31.7391  -0.643583  -0.183519  -1.26224  0.19622 -0.739912 -0.531574 0.36257 
31.7891  -0.640184  -0.173865  -1.26718  0.190386 -0.733499 -0.547159 0.355457 
31.8398  -0.6356  -0.167197  -1.27132  0.187966 -0.729616 -0.556765 0.349774 
31.8909  -0.630737  -0.162334  -1.27446  0.182455 -0.727008 -0.569689 0.337082 
31.9407  -0.627237  -0.158068  -1.27628  0.187303 -0.725963 -0.573544 0.330065 
31.9885  -0.623049  -0.153496  -1.27763  0.182104 -0.726003 -0.578104 0.324892 
32.039  -0.618588  -0.148737  -1.27845  0.170232 -0.72675 -0.582512 0.321769 
32.0911  -0.615474  -0.145822  -1.27784  0.171854 -0.724305 -0.583198 0.325158 
32.141  -0.611486  -0.145284  -1.27555  0.163423 -0.7274 -0.581737 0.325214 
32.1892  -0.608099  -0.145922  -1.27072  0.165331 -0.73087 -0.575216 0.328056 
32.2384  -0.604977  -0.147011  -1.26659  0.162068 -0.733075 -0.571184 0.331789 
32.2885  -0.602938  -0.146774  -1.26351  0.162569 -0.734067 -0.567685 0.335336 
32.3397  -0.599969  -0.146841  -1.26079  0.160213 -0.735294 -0.563639 0.340567 
32.3897  -0.598294  -0.14718  -1.25912  0.160492 -0.736254 -0.561263 0.342281 
32.4402  -0.59566  -0.148273  -1.2581  0.159013 -0.736967 -0.558336 0.346202 
32.4888  -0.593854  -0.149602  -1.25721  0.165633 -0.737261 -0.555078 0.347707 
32.5387  -0.592166  -0.150499  -1.25635  0.16976 -0.735647 -0.55617 0.34739 
32.591  -0.590514  -0.151419  -1.25592  0.171198 -0.735825 -0.553048 0.35127 
32.6409  -0.589621  -0.151521  -1.25527  0.170961 -0.735603 -0.552556 0.352624 
32.6885  -0.588777  -0.151798  -1.25376  0.173869 -0.735323 -0.551216 0.35388 
32.7412  -0.587756  -0.151637  -1.25207  0.173988 -0.738137 -0.545302 0.35711 
32.7894  -0.586903  -0.150684  -1.25127  0.171038 -0.738201 -0.545065 0.358761 
32.8377  -0.586464  -0.149282  -1.25084  0.167574 -0.737466 -0.545491 0.361251 
32.888  -0.586192  -0.148003  -1.25003  0.165394 -0.737055 -0.54559 0.36294 
32.9407  -0.585918  -0.147027  -1.24911  0.164373 -0.738844 -0.543035 0.363599 
32.9907  -0.58571  -0.146266  -1.248  0.163784 -0.739341 -0.541743 0.36478 
33.0384  -0.585787  -0.145529  -1.24679  0.163744 -0.739833 -0.540957 0.364968 
33.088  -0.58589  -0.144449  -1.24485  0.163377 -0.74128 -0.53931 0.364631 
33.1378  -0.585846  -0.1429  -1.2433  0.15879 -0.74281 -0.539483 0.363287 
33.1884  -0.586141  -0.140833  -1.24208  0.159085 -0.743998 -0.537103 0.364251 
33.2407  -0.586795  -0.137737  -1.24077  0.154998 -0.744405 -0.538618 0.362943 
33.2909  -0.587156  -0.135233  -1.23981  0.153214 -0.746394 -0.536459 0.362812 
33.3384  -0.587726  -0.132022  -1.23863  0.14884 -0.747435 -0.537878 0.360381 
33.3907  -0.588746  -0.129146  -1.23796  0.148275 -0.748464 -0.536745 0.360168 
33.4413  -0.589242  -0.127739  -1.23784  0.146279 -0.749145 -0.53697 0.359232 
33.4885  -0.589242  -0.127739  -1.23784  0.146279 -0.749145 -0.53697 0.359232 
33.541  -0.589242  -0.127739  -1.23784  0.146279 -0.749145 -0.53697 0.359232 
33.5902  -0.589242  -0.127739  -1.23784  0.146279 -0.749145 -0.53697 0.359232 
33.6397  -0.589242  -0.127739  -1.23784  0.146279 -0.749145 -0.53697 0.359232 
33.6907  -0.589242  -0.127739  -1.23784  0.146279 -0.749145 -0.53697 0.359232 
