 Time  bebop2_x  bebop2_y  bebop2_vx  bebop2_vy  bebop2_yaw  target_x  target_y  target_vx  target_vy  target_yaw 
4.8e-07  0  0  0  0  0  1.07296  -1.35429  0.0345282  0.0347729  1.92954  0  0  0  0  0  0  0  0  0  0  0.915535  -0.492934  5.42745e-07  1.89174e-05  1.54211  
0.0499697  0  0  0  0  0  1.07435  -1.35267  0.0346225  0.035531  1.9306  0  0  0  0  0  0  0  0  0  0  0.915535  -0.49293  6.0666e-07  2.11369e-05  1.5421  
0.0999448  0  0  0  0  0  1.07559  -1.35118  0.0347514  0.0362266  1.9275  0  0  0  0  0  0  0  0  0  0  0.915537  -0.492935  4.75083e-07  1.65545e-05  1.54211  
0.149938  0  0  0  0  0  1.07678  -1.3496  0.0320112  0.0338935  1.92788  0  0  0  0  0  0  0  0  0  0  0.915537  -0.492927  6.464e-07  2.25111e-05  1.54209  
0.199982  0  0  0  0  0  1.07803  -1.3479  0.0322375  0.0349211  1.92875  0  0  0  0  0  0  0  0  0  0  0.915532  -0.492918  8.34836e-07  2.90484e-05  1.54206  
0.249989  0  0  0  0  0  1.07897  -1.34652  0.0304358  0.0335958  1.92831  0  0  0  0  0  0  0  0  0  0  0.915533  -0.492915  8.60307e-07  2.99526e-05  1.54208  
0.299974  0  0  0  0  0  1.08  -1.34505  0.0300463  0.0336927  1.92686  0  0  0  0  0  0  0  0  0  0  0.91553  -0.492928  5.18701e-07  1.80553e-05  1.54208  
0.349953  0  0  0  0  0  1.08075  -1.34389  0.0279431  0.0318563  1.92589  0  0  0  0  0  0  0  0  0  0  0.91555  -0.492945  1.2023e-07  4.19359e-06  1.54213  
0.400038  0  0  0  0  0  1.08144  -1.34257  0.0275606  0.033324  1.92558  0  0  0  0  0  0  0  0  0  0  0.915557  -0.492939  2.6589e-07  9.28013e-06  1.54215  
0.449986  0  0  0  0  0  1.08144  -1.34257  0.0275606  0.033324  1.92558  0  0  0  0  0  0  0  0  0  0  0.915557  -0.492939  2.6589e-07  9.28013e-06  1.54215  
0.500016  0  0  0  0  0  1.08286  -1.33984  0.0260542  0.0319724  1.92396  0  0  0  0  0  0  0  0  0  0  0.915582  -0.492928  5.29244e-07  1.85035e-05  1.5422  
0.54998  0  0  0  0  0  1.08353  -1.33838  0.0249774  0.032027  1.92462  0  0  0  0  0  0  0  0  0  0  0.915578  -0.49295  -2.66503e-08  -9.31951e-07  1.54221  
0.600009  0  0  0  0  0  1.0842  -1.3372  0.0246686  0.031679  1.92315  0  0  0  0  0  0  0  0  0  0  0.915578  -0.492956  -1.71588e-07  -6.00393e-06  1.54222  
0.649987  0  0  0  0  0  1.08503  -1.33556  0.0234135  0.0312788  1.92354  0  0  0  0  0  0  0  0  0  0  0.915579  -0.492961  -2.92988e-07  -1.02582e-05  1.54224  
0.699996  0  0  0  0  0  1.08602  -1.33384  0.023793  0.0323055  1.92524  0  0  0  0  0  0  0  0  0  0  0.915576  -0.492974  -5.66645e-07  -1.98414e-05  1.54225  
0.750001  0  0  0  0  0  1.08735  -1.33174  0.024726  0.0338743  1.92606  0  0  0  0  0  0  0  0  0  0  0.915587  -0.493004  -1.22523e-06  -4.29618e-05  1.54228  
0.800014  0  0  0  0  0  1.08884  -1.32975  0.025207  0.033697  1.92671  0  0  0  0  0  0  0  0  0  0  0.915594  -0.492989  -8.30262e-07  -2.91281e-05  1.5423  
0.849962  0  0  0  0  0  1.09047  -1.32763  0.0260073  0.0347967  1.92792  0  0  0  0  0  0  0  0  0  0  0.915593  -0.492973  -4.42099e-07  -1.55088e-05  1.5423  
0.900001  0  0  0  0  0  1.09228  -1.32549  0.0271913  0.0355388  1.92849  0  0  0  0  0  0  0  0  0  0  0.915585  -0.492996  -9.42209e-07  -3.30457e-05  1.54229  
0.949998  0  0  0  0  0  1.09421  -1.3233  0.0282951  0.0362672  1.92878  0  0  0  0  0  0  0  0  0  0  0.915584  -0.493021  -1.48046e-06  -5.19026e-05  1.54228  
0.999957  0  0  0  0  0  1.0963  -1.32059  0.0298318  0.0390516  1.93414  0  0  0  0  0  0  0  0  0  0  0.915591  -0.493004  -1.02208e-06  -3.5865e-05  1.54231  
1.04995  0  0  0  0  0  1.09818  -1.31861  0.0296353  0.0369152  1.93501  0  0  0  0  0  0  0  0  0  0  0.915588  -0.493021  -1.37424e-06  -4.82412e-05  1.54232  
1.09997  0  0  0  0  0  1.10107  -1.31575  0.0346468  0.0410655  1.93814  0  0  0  0  0  0  0  0  0  0  0.915585  -0.493042  -1.79412e-06  -6.29985e-05  1.54233  
1.14999  0  0  0  0  0  1.10349  -1.3135  0.0342803  0.0397886  1.94024  0  0  0  0  0  0  0  0  0  0  0.915593  -0.492981  -3.33647e-07  -1.19467e-05  1.54288  
1.2  0  0  0  0  0  1.1063  -1.31093  0.0348239  0.0397139  1.94255  0  0  0  0  0  0  0  0  0  0  0.915595  -0.492755  4.75151e-06  0.000173357  1.54339  
1.24999  0  0  0  0  0  1.10953  -1.30833  0.0398382  0.042103  1.94495  0  0  0  0  0  0  0  0  0  0  0.915572  -0.492328  1.37238e-05  0.000511689  1.54398  
1.29996  0  0  0  0  0  1.11184  -1.30644  0.0379629  0.040072  1.94737  0  0  0  0  0  0  0  0  0  0  0.915503  -0.491745  2.51329e-05  0.000959229  1.5446  
1.35001  0  0  0  0  0  1.11469  -1.30443  0.0433966  0.0422477  1.94854  0  0  0  0  0  0  0  0  0  0  0.915455  -0.490961  3.9129e-05  0.00154073  1.54541  
1.39994  0  0  0  0  0  1.11776  -1.30227  0.0435517  0.0415381  1.95225  0  0  0  0  0  0  0  0  0  0  0.915365  -0.489768  5.86313e-05  0.00241689  1.54654  
1.44998  0  0  0  0  0  1.12079  -1.30043  0.0452235  0.0406371  1.95275  0  0  0  0  0  0  0  0  0  0  0.915233  -0.488183  8.15939e-05  0.00357243  1.54796  
1.49999  0  0  0  0  0  1.12293  -1.29921  0.0447208  0.038959  1.95532  0  0  0  0  0  0  0  0  0  0  0.91506  -0.48646  0.000101675  0.00478846  1.54957  
1.55003  0  0  0  0  0  1.12734  -1.29695  0.050104  0.0402362  1.95971  0  0  0  0  0  0  0  0  0  0  0.914705  -0.483967  0.000129114  0.00655802  1.55111  
1.60002  0  0  0  0  0  1.13014  -1.29566  0.0478481  0.0373769  1.9611  0  0  0  0  0  0  0  0  0  0  0.914362  -0.48117  0.000150058  0.008543  1.55323  
1.64999  0  0  0  0  0  1.13369  -1.29433  0.0516629  0.0367441  1.96411  0  0  0  0  0  0  0  0  0  0  0.913914  -0.477632  0.000169941  0.0110479  1.55542  
1.69999  0  0  0  0  0  1.13731  -1.29331  0.0535676  0.0348153  1.96698  0  0  0  0  0  0  0  0  0  0  0.91341  -0.473532  0.000185447  0.0139125  1.55747  
1.75002  0  0  0  0  0  1.14125  -1.29206  0.0562413  0.0347822  1.97013  0  0  0  0  0  0  0  0  0  0  0.912757  -0.46913  0.000194292  0.0168996  1.5593  
1.80002  0  0  0  0  0  1.14458  -1.29146  0.0530779  0.0307488  1.97366  0  0  0  0  0  0  0  0  0  0  0.911817  -0.464484  0.000194928  0.0199153  1.56101  
1.85001  0  0  0  0  0  1.14937  -1.29069  0.0666869  0.0312551  1.977  0  0  0  0  0  0  0  0  0  0  0.911304  -0.459851  0.000191131  0.0229857  1.56248  
1.89995  0  0  0  0  0  1.1537  -1.29008  0.0630759  0.0287336  1.9806  0  0  0  0  0  0  0  0  0  0  0.910466  -0.45494  0.000169503  0.0260065  1.56428  
1.94995  0  0  0  0  0  1.1583  -1.28969  0.0663638  0.0266777  1.98247  0  0  0  0  0  0  0  0  0  0  0.909591  -0.450027  0.000129517  0.0289301  1.56632  
2  0  0  0  0  0  1.16133  -1.28958  0.0650323  0.0240437  1.98354  0  0  0  0  0  0  0  0  0  0  0.909038  -0.445635  7.49194e-05  0.0314728  1.56842  
2.04995  0  0  0  0  0  1.16888  -1.28969  0.0734451  0.0218326  1.99028  0  0  0  0  0  0  0  0  0  0  0.907206  -0.439624  -1.33669e-05  0.0346466  1.57118  
2.09998  0  0  0  0  0  1.17491  -1.28993  0.078013  0.0192802  1.99278  0  0  0  0  0  0  0  0  0  0  0.906331  -0.434102  -9.7059e-05  0.0378211  1.57336  
2.14995  0  0  0  0  0  1.17938  -1.29022  0.0788791  0.0169282  1.99613  0  0  0  0  0  0  0  0  0  0  0.905829  -0.429179  -0.000176691  0.0405662  1.57515  
2.19998  0  0  0  0  0  1.1852  -1.29081  0.0825975  0.0140155  1.99915  0  0  0  0  0  0  0  0  0  0  0.904748  -0.42386  -0.000274782  0.0432432  1.57715  
2.24998  0  0  0  0  0  1.19103  -1.29124  0.0857515  0.0126921  2.00072  0  0  0  0  0  0  0  0  0  0  0.903612  -0.418476  -0.000388683  0.0458522  1.57927  
2.29995  0  0  0  0  0  1.19625  -1.29178  0.0825582  0.0107644  2.00532  0  0  0  0  0  0  0  0  0  0  0.901932  -0.412919  -0.000515573  0.0482205  1.58149  
2.35  0  0  0  0  0  1.20366  -1.2925  0.102469  0.00737061  2.00841  0  0  0  0  0  0  0  0  0  0  0.901532  -0.407944  -0.000633804  0.0506656  1.58331  
2.39999  0  0  0  0  0  1.21035  -1.29318  0.0979239  0.00617085  2.01307  0  0  0  0  0  0  0  0  0  0  0.900461  -0.402577  -0.000756171  0.0530044  1.58506  
2.44997  0  0  0  0  0  1.215  -1.29367  0.0892104  0.00578712  2.0155  0  0  0  0  0  0  0  0  0  0  0.898585  -0.397108  -0.000873702  0.0549339  1.5867  
2.5  0  0  0  0  0  1.22337  -1.29444  0.107843  0.00295201  2.02031  0  0  0  0  0  0  0  0  0  0  0.897574  -0.391853  -0.000989087  0.0570269  1.58814  
2.54998  0  0  0  0  0  1.23075  -1.29506  0.108445  0.00200357  2.02379  0  0  0  0  0  0  0  0  0  0  0.896482  -0.386478  -0.00110396  0.059087  1.58948  
2.59999  0  0  0  0  0  1.23989  -1.29613  0.117164  -0.000880594  2.02931  0  0  0  0  0  0  0  0  0  0  0.895488  -0.380888  -0.00122256  0.0612838  1.59074  
2.64998  0  0  0  0  0  1.24785  -1.29669  0.116962  -0.000310207  2.03434  0  0  0  0  0  0  0  0  0  0  0.894523  -0.375409  -0.00133832  0.0633097  1.59193  
2.7  0  0  0  0  0  1.24785  -1.29669  0.116962  -0.000310207  2.03434  0  0  0  0  0  0  0  0  0  0  0.894523  -0.375409  -0.00133832  0.0633097  1.59193  
2.75001  0  0  0  0  0  1.26328  -1.29763  0.120761  -0.00110575  2.04232  0  0  0  0  0  0  0  0  0  0  0.889198  -0.366427  -0.00153888  0.0657935  1.59418  
2.79999  0  0  0  0  0  1.27508  -1.29817  0.140622  -0.0022693  2.04599  0  0  0  0  0  0  0  0  0  0  0.888919  -0.360301  -0.00167117  0.0683392  1.59525  
2.84998  0  0  0  0  0  1.28264  -1.29823  0.136111  -0.0012055  2.05006  0  0  0  0  0  0  0  0  0  0  0.889305  -0.354956  -0.00178204  0.0704724  1.59608  
2.89999  0  0  0  0  0  1.29211  -1.29843  0.141351  -0.00180957  2.05595  0  0  0  0  0  0  0  0  0  0  0.88867  -0.349198  -0.00189692  0.0723658  1.597  
2.94995  0  0  0  0  0  1.30182  -1.29837  0.146149  -0.00100705  2.05999  0  0  0  0  0  0  0  0  0  0  0.887823  -0.343485  -0.00201049  0.0740576  1.59794  
2.99999  0  0  0  0  0  1.31178  -1.29821  0.153172  -0.000620704  2.06488  0  0  0  0  0  0  0  0  0  0  0.887114  -0.337893  -0.00212233  0.0756374  1.59885  
3.04997  0  0  0  0  0  1.32206  -1.29787  0.15668  0.000422225  2.07012  0  0  0  0  0  0  0  0  0  0  0.886335  -0.332259  -0.00223468  0.0771552  1.59975  
3.1  0  0  0  0  0  1.33258  -1.29749  0.160794  0.000882153  2.07312  0  0  0  0  0  0  0  0  0  0  0.885404  -0.326523  -0.00234827  0.0786309  1.60065  
3.14995  0  0  0  0  0  1.34315  -1.29658  0.158827  0.00299174  2.08037  0  0  0  0  0  0  0  0  0  0  0.883569  -0.320363  -0.00246588  0.0798903  1.60165  
3.19999  0  0  0  0  0  1.35612  -1.29535  0.177456  0.00563083  2.08513  0  0  0  0  0  0  0  0  0  0  0.882819  -0.314791  -0.00256029  0.0811717  1.60233  
3.24996  0  0  0  0  0  1.3676  -1.29435  0.176737  0.00598209  2.09185  0  0  0  0  0  0  0  0  0  0  0.882098  -0.309217  -0.00265721  0.0824178  1.60303  
3.29995  0  0  0  0  0  1.37881  -1.29262  0.179476  0.00999811  2.09633  0  0  0  0  0  0  0  0  0  0  0.881347  -0.303625  -0.00276203  0.0836134  1.60382  
3.35003  0  0  0  0  0  1.38864  -1.29107  0.178642  0.0112611  2.10009  0  0  0  0  0  0  0  0  0  0  0.880729  -0.298298  -0.00285471  0.0846174  1.60452  
3.39999  0  0  0  0  0  1.40042  -1.289  0.200504  0.0167773  2.10538  0  0  0  0  0  0  0  0  0  0  0.88107  -0.293573  -0.00293779  0.0856164  1.6051  
3.44999  0  0  0  0  0  1.41054  -1.28728  0.197085  0.0172917  2.10984  0  0  0  0  0  0  0  0  0  0  0.881222  -0.288962  -0.00302297  0.0864887  1.60573  
3.49999  0  0  0  0  0  1.42488  -1.28397  0.192102  0.0205391  2.11582  0  0  0  0  0  0  0  0  0  0  0.877769  -0.281999  -0.00315068  0.087331  1.60686  
3.54997  0  0  0  0  0  1.42488  -1.28397  0.192102  0.0205391  2.11582  0  0  0  0  0  0  0  0  0  0  0.877769  -0.281999  -0.00315068  0.087331  1.60686  
3.59998  0  0  0  0  0  1.44766  -1.27784  0.210961  0.0285844  2.1261  0  0  0  0  0  0  0  0  0  0  0.873606  -0.273631  -0.00334604  0.088699  1.6085  
3.64998  0  0  0  0  0  1.46005  -1.27356  0.201247  0.0308447  2.13368  0  0  0  0  0  0  0  0  0  0  0.872263  -0.267137  -0.00349275  0.0897428  1.6097  
3.69999  0  0  0  0  0  1.47281  -1.26894  0.212253  0.0382675  2.13979  0  0  0  0  0  0  0  0  0  0  0.872316  -0.261667  -0.00361872  0.0906416  1.6107  
3.74996  0  0  0  0  0  1.4858  -1.26451  0.21484  0.0411984  2.14454  0  0  0  0  0  0  0  0  0  0  0.872066  -0.256096  -0.00375678  0.091488  1.61184  
3.79995  0  0  0  0  0  1.4986  -1.25909  0.218866  0.0494139  2.15182  0  0  0  0  0  0  0  0  0  0  0.871789  -0.250546  -0.00394818  0.0922826  1.61355  
3.84998  0  0  0  0  0  1.50935  -1.25429  0.222979  0.0557977  2.15751  0  0  0  0  0  0  0  0  0  0  0.872658  -0.245903  -0.00412198  0.0930018  1.61509  
3.89999  0  0  0  0  0  1.52436  -1.24691  0.223798  0.06153  2.1645  0  0  0  0  0  0  0  0  0  0  0.870705  -0.239528  -0.00434288  0.0937093  1.61711  
3.94996  0  0  0  0  0  1.53733  -1.24005  0.228724  0.0694307  2.17147  0  0  0  0  0  0  0  0  0  0  0.870389  -0.234154  -0.00457857  0.0943378  1.61929  
3.99994  0  0  0  0  0  1.55009  -1.23266  0.221179  0.0717511  2.18268  0  0  0  0  0  0  0  0  0  0  0.868507  -0.227925  -0.0048559  0.0948603  1.62194  
4.04994  0  0  0  0  0  1.55873  -1.22748  0.222078  0.077316  2.18697  0  0  0  0  0  0  0  0  0  0  0.86944  -0.22355  -0.00509021  0.0952618  1.62418  
4.1  0  0  0  0  0  1.57805  -1.21464  0.256371  0.107312  2.19905  0  0  0  0  0  0  0  0  0  0  0.868804  -0.217507  -0.00544816  0.0963013  1.62731  
4.14999  0  0  0  0  0  1.59097  -1.20563  0.238109  0.101741  2.20548  0  0  0  0  0  0  0  0  0  0  0.86817  -0.211575  -0.00580288  0.0972805  1.63038  
4.19999  0  0  0  0  0  1.60382  -1.19604  0.238068  0.109338  2.21228  0  0  0  0  0  0  0  0  0  0  0.867243  -0.205595  -0.0061453  0.0981525  1.63332  
4.25  0  0  0  0  0  1.61646  -1.18573  0.241709  0.120556  2.21918  0  0  0  0  0  0  0  0  0  0  0.866504  -0.199724  -0.00650463  0.0989867  1.63641  
4.30002  0  0  0  0  0  1.62913  -1.17496  0.245925  0.131178  2.22756  0  0  0  0  0  0  0  0  0  0  0.865687  -0.193875  -0.00688675  0.0997783  1.63971  
4.34999  0  0  0  0  0  1.64164  -1.16357  0.242184  0.137575  2.23473  0  0  0  0  0  0  0  0  0  0  0.864704  -0.188018  -0.00730413  0.100481  1.64336  
4.40002  0  0  0  0  0  1.65398  -1.15167  0.243342  0.147742  2.24322  0  0  0  0  0  0  0  0  0  0  0.863873  -0.182302  -0.00772345  0.101129  1.64702  
4.44998  0  0  0  0  0  1.66413  -1.14136  0.228607  0.141908  2.24975  0  0  0  0  0  0  0  0  0  0  0.86154  -0.176037  -0.00813479  0.101464  1.6508  
4.50002  0  0  0  0  0  1.67616  -1.12845  0.251665  0.175677  2.25893  0  0  0  0  0  0  0  0  0  0  0.862239  -0.171147  -0.00849756  0.102073  1.65385  
4.54999  0  0  0  0  0  1.68787  -1.11503  0.240637  0.175031  2.267  0  0  0  0  0  0  0  0  0  0  0.861346  -0.165344  -0.00891459  0.102751  1.65734  
4.59995  0  0  0  0  0  1.69563  -1.10579  0.230531  0.172885  2.27312  0  0  0  0  0  0  0  0  0  0  0.86164  -0.160504  -0.00927926  0.103219  1.66045  
4.64995  0  0  0  0  0  1.71076  -1.08662  0.240993  0.19738  2.28328  0  0  0  0  0  0  0  0  0  0  0.858921  -0.153816  -0.00972358  0.103836  1.66417  
4.69998  0  0  0  0  0  1.72179  -1.07157  0.237602  0.205338  2.29278  0  0  0  0  0  0  0  0  0  0  0.858047  -0.148059  -0.0101132  0.104426  1.66734  
4.74998  0  0  0  0  0  1.73259  -1.05609  0.225696  0.201372  2.30099  0  0  0  0  0  0  0  0  0  0  0.855409  -0.141459  -0.0105277  0.104865  1.67085  
4.79999  0  0  0  0  0  1.74481  -1.0374  0.235339  0.229379  2.31263  0  0  0  0  0  0  0  0  0  0  0.854506  -0.135399  -0.0109193  0.105564  1.67387  
4.85001  0  0  0  0  0  1.755  -1.02081  0.229107  0.233719  2.32156  0  0  0  0  0  0  0  0  0  0  0.853709  -0.129423  -0.0112939  0.10624  1.6767  
4.89998  0  0  0  0  0  1.76328  -1.00672  0.226464  0.243639  2.32828  0  0  0  0  0  0  0  0  0  0  0.854265  -0.124319  -0.0116242  0.106837  1.67917  
4.94995  0  0  0  0  0  1.77128  -0.99226  0.223223  0.253713  2.33629  0  0  0  0  0  0  0  0  0  0  0.854601  -0.119316  -0.0119966  0.107353  1.68208  
4.99995  0  0  0  0  0  1.77128  -0.99226  0.223223  0.253713  2.33629  0  0  0  0  0  0  0  0  0  0  0.854601  -0.119316  -0.0119966  0.107353  1.68208  
5.04999  0  0  0  0  0  1.78966  -0.95643  0.219849  0.264246  2.35584  0  0  0  0  0  0  0  0  0  0  0.845145  -0.108756  -0.0127945  0.108068  1.68864  
5.09995  0  0  0  0  0  1.78966  -0.95643  0.219849  0.264246  2.35584  0  0  0  0  0  0  0  0  0  0  0.845145  -0.108756  -0.0127945  0.108068  1.68864  
5.15  0  0  0  0  0  1.80802  -0.915905  0.213078  0.272676  2.3788  0  0  0  0  0  0  0  0  0  0  0.835117  -0.0971541  -0.0136167  0.108769  1.69534  
5.20001  0  0  0  0  0  1.81708  -0.893285  0.206574  0.281937  2.39058  0  0  0  0  0  0  0  0  0  0  0.834506  -0.0899215  -0.0142088  0.109429  1.69992  
5.25  0  0  0  0  0  1.82457  -0.873622  0.209919  0.312634  2.40134  0  0  0  0  0  0  0  0  0  0  0.837003  -0.0842048  -0.0147291  0.110295  1.70355  
5.29998  0  0  0  0  0  1.83047  -0.856946  0.189589  0.281969  2.40789  0  0  0  0  0  0  0  0  0  0  0.835543  -0.0773228  -0.0152463  0.110655  1.70772  
5.34994  0  0  0  0  0  1.83944  -0.829761  0.200187  0.340069  2.42385  0  0  0  0  0  0  0  0  0  0  0.83579  -0.0709469  -0.0157843  0.11135  1.71161  
5.39999  0  0  0  0  0  1.8447  -0.812562  0.182045  0.311266  2.43123  0  0  0  0  0  0  0  0  0  0  0.835519  -0.0648436  -0.0162572  0.111724  1.71529  
5.44999  0  0  0  0  0  1.85072  -0.791624  0.180638  0.333639  2.44197  0  0  0  0  0  0  0  0  0  0  0.83517  -0.0588479  -0.0166893  0.112086  1.71861  
5.49999  0  0  0  0  0  1.85529  -0.773906  0.173149  0.341355  2.45127  0  0  0  0  0  0  0  0  0  0  0.836273  -0.0536884  -0.0170635  0.11243  1.72142  
5.54997  0  0  0  0  0  1.86055  -0.752446  0.168225  0.350965  2.46273  0  0  0  0  0  0  0  0  0  0  0.835246  -0.0477657  -0.017521  0.112705  1.72502  
5.59999  0  0  0  0  0  1.86556  -0.730812  0.15733  0.338756  2.47368  0  0  0  0  0  0  0  0  0  0  0.832242  -0.0411965  -0.0180394  0.112756  1.72944  
5.64994  0  0  0  0  0  1.8709  -0.705279  0.157399  0.375979  2.48669  0  0  0  0  0  0  0  0  0  0  0.831421  -0.0352215  -0.0185657  0.113086  1.73352  
5.69996  0  0  0  0  0  1.87426  -0.686829  0.148055  0.37366  2.4959  0  0  0  0  0  0  0  0  0  0  0.832089  -0.02997  -0.019011  0.113468  1.7368  
5.75  0  0  0  0  0  1.87815  -0.664633  0.141778  0.376914  2.50793  0  0  0  0  0  0  0  0  0  0  0.830659  -0.0239103  -0.01949  0.113858  1.74033  
5.79997  0  0  0  0  0  1.88052  -0.649743  0.130431  0.352711  2.51592  0  0  0  0  0  0  0  0  0  0  0.82931  -0.0183301  -0.019871  0.113863  1.74357  
5.84998  0  0  0  0  0  1.88516  -0.615937  0.134011  0.430439  2.5331  0  0  0  0  0  0  0  0  0  0  0.827778  -0.012173  -0.020379  0.114279  1.74727  
5.89999  0  0  0  0  0  1.88735  -0.597104  0.119694  0.382999  2.54409  0  0  0  0  0  0  0  0  0  0  0.826375  -0.00631003  -0.0208416  0.114519  1.75082  
5.95  0  0  0  0  0  1.89004  -0.570473  0.115897  0.414561  2.55852  0  0  0  0  0  0  0  0  0  0  0.824726  -7.14534e-06  -0.0214058  0.115024  1.75479  
6.00001  0  0  0  0  0  1.89168  -0.551585  0.108165  0.409911  2.5686  0  0  0  0  0  0  0  0  0  0  0.824951  0.00541816  -0.0218999  0.11548  1.75821  
6.04998  0  0  0  0  0  1.89353  -0.52494  0.101768  0.41711  2.58476  0  0  0  0  0  0  0  0  0  0  0.821173  0.0122783  -0.022469  0.11583  1.7624  
6.09999  0  0  0  0  0  1.89484  -0.505952  0.093464  0.388085  2.59378  0  0  0  0  0  0  0  0  0  0  0.817714  0.0187208  -0.0229486  0.115748  1.76652  
6.15  0  0  0  0  0  1.89598  -0.479292  0.0894274  0.456744  2.60852  0  0  0  0  0  0  0  0  0  0  0.818087  0.0241991  -0.0234458  0.116152  1.76997  
6.2  0  0  0  0  0  1.89707  -0.45675  0.0829766  0.425285  2.61984  0  0  0  0  0  0  0  0  0  0  0.816418  0.0302955  -0.0239679  0.116501  1.7737  
6.24996  0  0  0  0  0  1.89752  -0.433754  0.0753284  0.430588  2.63414  0  0  0  0  0  0  0  0  0  0  0.814797  0.0362991  -0.0244994  0.116767  1.77761  
6.29995  0  0  0  0  0  1.89767  -0.411075  0.0688636  0.429444  2.64694  0  0  0  0  0  0  0  0  0  0  0.812874  0.042375  -0.0250931  0.116981  1.7821  
6.34999  0  0  0  0  0  1.89767  -0.388216  0.0633053  0.440396  2.65699  0  0  0  0  0  0  0  0  0  0  0.811176  0.0483778  -0.025677  0.1172  1.78648  
6.39998  0  0  0  0  0  1.89776  -0.369496  0.0584327  0.420522  2.66585  0  0  0  0  0  0  0  0  0  0  0.809531  0.0541288  -0.0261708  0.117214  1.79047  
6.45  0  0  0  0  0  1.89691  -0.347293  0.049812  0.432787  2.68852  0  0  0  0  0  0  0  0  0  0  0.8078  0.0598827  -0.0266327  0.117205  1.79423  
6.49994  0  0  0  0  0  1.89656  -0.324921  0.0466985  0.433498  2.70046  0  0  0  0  0  0  0  0  0  0  0.806034  0.065658  -0.0271072  0.117193  1.7981  
6.54999  0  0  0  0  0  1.89557  -0.302675  0.0397574  0.433124  2.71722  0  0  0  0  0  0  0  0  0  0  0.80421  0.0715104  -0.0276122  0.11723  1.80212  
6.59999  0  0  0  0  0  1.8947  -0.280585  0.0353756  0.434628  2.72624  0  0  0  0  0  0  0  0  0  0  0.802671  0.0773947  -0.0281683  0.117372  1.80633  
6.64998  0  0  0  0  0  1.89361  -0.258656  0.0299611  0.434415  2.74451  0  0  0  0  0  0  0  0  0  0  0.800834  0.0833283  -0.0287028  0.117491  1.8104  
6.69995  0  0  0  0  0  1.89244  -0.236904  0.0256319  0.434684  2.75553  0  0  0  0  0  0  0  0  0  0  0.79905  0.0891868  -0.0291919  0.117585  1.81414  
6.74995  0  0  0  0  0  1.89149  -0.215438  0.0223751  0.433197  2.76828  0  0  0  0  0  0  0  0  0  0  0.797185  0.0950832  -0.0297049  0.117672  1.81807  
6.79996  0  0  0  0  0  1.89016  -0.197291  0.0160143  0.43788  2.7847  0  0  0  0  0  0  0  0  0  0  0.797288  0.100326  -0.0301624  0.117822  1.82141  
6.84999  0  0  0  0  0  1.88852  -0.172599  0.01413  0.418183  2.79764  0  0  0  0  0  0  0  0  0  0  0.790901  0.107482  -0.0307928  0.117741  1.8266  
6.89999  0  0  0  0  0  1.88701  -0.151828  0.0096317  0.427542  2.80915  0  0  0  0  0  0  0  0  0  0  0.789374  0.113378  -0.0312558  0.117742  1.83027  
6.94998  0  0  0  0  0  1.8853  -0.127589  0.00558746  0.440211  2.82378  0  0  0  0  0  0  0  0  0  0  0.787743  0.119424  -0.0317703  0.117876  1.83406  
6.99997  0  0  0  0  0  1.8838  -0.106853  0.00297468  0.428955  2.83945  0  0  0  0  0  0  0  0  0  0  0.78623  0.125379  -0.0323189  0.117968  1.8382  
7.05005  0  0  0  0  0  1.88261  -0.0898282  0.000561393  0.427336  2.8501  0  0  0  0  0  0  0  0  0  0  0.786464  0.13074  -0.0328122  0.118101  1.84179  
7.09995  0  0  0  0  0  1.88095  -0.0663446  -0.0029242  0.439392  2.86219  0  0  0  0  0  0  0  0  0  0  0.784286  0.136821  -0.0333795  0.118362  1.84567  
7.14999  0  0  0  0  0  1.8796  -0.0465561  -0.00413712  0.425847  2.87463  0  0  0  0  0  0  0  0  0  0  0.781995  0.142852  -0.0339474  0.118524  1.84975  
7.2  0  0  0  0  0  1.87829  -0.0263202  -0.00589581  0.424746  2.89608  0  0  0  0  0  0  0  0  0  0  0.779714  0.1489  -0.0345865  0.118674  1.85438  
7.24998  0  0  0  0  0  1.87703  -0.0068215  -0.00750891  0.421048  2.91038  0  0  0  0  0  0  0  0  0  0  0.777431  0.154959  -0.0352146  0.118829  1.8589  
7.29995  0  0  0  0  0  1.87568  0.0128983  -0.00953864  0.421888  2.92166  0  0  0  0  0  0  0  0  0  0  0.77535  0.160955  -0.0358084  0.118961  1.86318  
7.34999  0  0  0  0  0  1.87454  0.0321274  -0.0099229  0.414924  2.9357  0  0  0  0  0  0  0  0  0  0  0.773102  0.166885  -0.0363665  0.118991  1.8674  
7.39999  0  0  0  0  0  1.87393  0.0515093  -0.00902528  0.414539  2.95649  0  0  0  0  0  0  0  0  0  0  0.770973  0.172701  -0.0369359  0.11895  1.87187  
7.44999  0  0  0  0  0  1.87248  0.0695453  -0.0130423  0.406955  2.9637  0  0  0  0  0  0  0  0  0  0  0.768866  0.178483  -0.0374974  0.118872  1.87636  
7.49999  0  0  0  0  0  1.87191  0.0878801  -0.0105901  0.404948  2.97767  0  0  0  0  0  0  0  0  0  0  0.76674  0.184191  -0.037991  0.118732  1.88047  
7.54999  0  0  0  0  0  1.8711  0.105996  -0.0117327  0.400649  2.99122  0  0  0  0  0  0  0  0  0  0  0.764564  0.189824  -0.0384491  0.118548  1.88443  
7.60003  0  0  0  0  0  1.87094  0.120945  -0.00953125  0.384815  3.00255  0  0  0  0  0  0  0  0  0  0  0.762345  0.195271  -0.0388674  0.118207  1.88847  
7.65  0  0  0  0  0  1.87033  0.138472  -0.0114364  0.390114  3.01726  0  0  0  0  0  0  0  0  0  0  0.760232  0.200792  -0.0393096  0.117973  1.89243  
7.69995  0  0  0  0  0  1.87033  0.156071  -0.00863415  0.374063  3.03137  0  0  0  0  0  0  0  0  0  0  0.755618  0.206804  -0.0397768  0.117612  1.89692  
7.75  0  0  0  0  0  1.87036  0.173051  -0.00817121  0.378073  3.04513  0  0  0  0  0  0  0  0  0  0  0.753737  0.212414  -0.0401902  0.117386  1.90066  
7.79999  0  0  0  0  0  1.87047  0.192722  -0.00709798  0.384314  3.06169  0  0  0  0  0  0  0  0  0  0  0.751678  0.218186  -0.0406895  0.117308  1.90467  
7.84994  0  0  0  0  0  1.87092  0.209234  -0.00526959  0.370931  3.0746  0  0  0  0  0  0  0  0  0  0  0.749448  0.22385  -0.0411382  0.117151  1.9085  
7.89999  0  0  0  0  0  1.87159  0.225519  -0.00315887  0.367256  3.08944  0  0  0  0  0  0  0  0  0  0  0.747334  0.229474  -0.0416063  0.117004  1.91245  
7.94998  0  0  0  0  0  1.87238  0.241596  -0.00151593  0.365129  3.103  0  0  0  0  0  0  0  0  0  0  0.747294  0.234623  -0.0420152  0.11691  1.9158  
7.99994  0  0  0  0  0  1.8732  0.254805  0.000567368  0.362168  3.1144  0  0  0  0  0  0  0  0  0  0  0.744576  0.240123  -0.042507  0.116734  1.92001  
8.04995  0  0  0  0  0  1.87418  0.267808  0.00213111  0.345889  3.12512  0  0  0  0  0  0  0  0  0  0  0.742215  0.245315  -0.0428601  0.116371  1.92368  
8.09998  0  0  0  0  0  1.876  0.288323  0.00679419  0.369328  -3.14071  0  0  0  0  0  0  0  0  0  0  0.739361  0.250992  -0.0433852  0.116357  1.92769  
8.14999  0  0  0  0  0  1.87734  0.300844  0.00691407  0.338332  -3.13  0  0  0  0  0  0  0  0  0  0  0.736691  0.256419  -0.0438196  0.116141  1.93158  
8.19998  0  0  0  0  0  1.87941  0.318238  0.0116856  0.353609  -3.11454  0  0  0  0  0  0  0  0  0  0  0.734169  0.261996  -0.0442871  0.116077  1.93528  
8.24999  0  0  0  0  0  1.88134  0.332911  0.0132319  0.340153  -3.10145  0  0  0  0  0  0  0  0  0  0  0.731493  0.267632  -0.0447791  0.116034  1.9391  
8.29999  0  0  0  0  0  1.88348  0.347321  0.0162437  0.337744  -3.08955  0  0  0  0  0  0  0  0  0  0  0.728827  0.27327  -0.0453086  0.115951  1.94331  
8.34994  0  0  0  0  0  1.88578  0.361653  0.0172474  0.321484  -3.07582  0  0  0  0  0  0  0  0  0  0  0.723889  0.279029  -0.0458128  0.115579  1.94818  
8.39996  0  0  0  0  0  1.88871  0.378342  0.0235323  0.33813  -3.06208  0  0  0  0  0  0  0  0  0  0  0.72169  0.284719  -0.0463573  0.115473  1.95256  
8.45  0  0  0  0  0  1.89095  0.390141  0.0250916  0.325524  -3.05183  0  0  0  0  0  0  0  0  0  0  0.72143  0.290057  -0.0468131  0.115442  1.95604  
8.50001  0  0  0  0  0  1.89326  0.40186  0.025824  0.312346  -3.0416  0  0  0  0  0  0  0  0  0  0  0.71887  0.295494  -0.0472508  0.115313  1.95969  
8.55002  0  0  0  0  0  1.89573  0.413556  0.0281263  0.3058  -3.03059  0  0  0  0  0  0  0  0  0  0  0.716001  0.300866  -0.0476119  0.115094  1.96304  
8.59995  0  0  0  0  0  1.89926  0.429721  0.0346079  0.320916  -3.0176  0  0  0  0  0  0  0  0  0  0  0.713191  0.30655  -0.0481065  0.115117  1.96663  
8.65  0  0  0  0  0  1.90196  0.441211  0.0334952  0.298784  -3.00805  0  0  0  0  0  0  0  0  0  0  0.710401  0.312041  -0.048554  0.114972  1.97039  
8.69999  0  0  0  0  0  1.90572  0.45713  0.0394029  0.311013  -2.99462  0  0  0  0  0  0  0  0  0  0  0.707422  0.317777  -0.0490914  0.115036  1.97415  
8.74999  0  0  0  0  0  1.90854  0.468452  0.0411953  0.303844  -2.98433  0  0  0  0  0  0  0  0  0  0  0.706823  0.323165  -0.0495622  0.115124  1.97733  
8.79999  0  0  0  0  0  1.91258  0.484094  0.0433104  0.299468  -2.97147  0  0  0  0  0  0  0  0  0  0  0.70126  0.329128  -0.0502515  0.115149  1.98229  
8.84999  0  0  0  0  0  1.91615  0.49741  0.0459391  0.296492  -2.96063  0  0  0  0  0  0  0  0  0  0  0.698397  0.334986  -0.0508876  0.115294  1.98645  
8.89998  0  0  0  0  0  1.91977  0.51062  0.0482857  0.294393  -2.94979  0  0  0  0  0  0  0  0  0  0  0.695154  0.340853  -0.0515099  0.115439  1.99049  
8.95  0  0  0  0  0  1.92285  0.521542  0.0511048  0.293239  -2.94113  0  0  0  0  0  0  0  0  0  0  0.694406  0.34638  -0.0520281  0.115595  1.99373  
9  0  0  0  0  0  1.9278  0.539056  0.0544142  0.295813  -2.92782  0  0  0  0  0  0  0  0  0  0  0.688627  0.352535  -0.0528831  0.115783  1.99924  
9.05316  0  0  0  0  0  1.93152  0.552085  0.0522755  0.279192  -2.91662  0  0  0  0  0  0  0  0  0  0  0.682996  0.358562  -0.0536493  0.115737  2.00486  
9.10001  0  0  0  0  0  1.93518  0.565214  0.0593341  0.297381  -2.90636  0  0  0  0  0  0  0  0  0  0  0.682339  0.364408  -0.0543233  0.115966  2.00888  
9.15001  0  0  0  0  0  1.93822  0.576065  0.055543  0.276497  -2.89839  0  0  0  0  0  0  0  0  0  0  0.679069  0.370124  -0.0549887  0.115967  2.01357  
9.20005  0  0  0  0  0  1.94241  0.591317  0.0612341  0.291286  -2.88723  0  0  0  0  0  0  0  0  0  0  0.675759  0.376127  -0.0557767  0.1162  2.01832  
9.25001  0  0  0  0  0  1.94592  0.604369  0.0596558  0.280872  -2.87822  0  0  0  0  0  0  0  0  0  0  0.672316  0.381967  -0.0564625  0.116304  2.02275  
9.29999  0  0  0  0  0  1.94931  0.617572  0.0604934  0.281164  -2.86926  0  0  0  0  0  0  0  0  0  0  0.668798  0.387642  -0.0571037  0.116246  2.02741  
9.34999  0  0  0  0  0  1.952  0.628707  0.0582309  0.270776  -2.86204  0  0  0  0  0  0  0  0  0  0  0.665711  0.392992  -0.0576218  0.115928  2.03208  
9.39998  0  0  0  0  0  1.95562  0.644284  0.0624341  0.287312  -2.85243  0  0  0  0  0  0  0  0  0  0  0.662428  0.398535  -0.0582568  0.115762  2.03704  
9.44995  0  0  0  0  0  1.95803  0.655549  0.0578639  0.26948  -2.84618  0  0  0  0  0  0  0  0  0  0  0.659322  0.403845  -0.058758  0.115439  2.04162  
9.49998  0  0  0  0  0  1.96083  0.669126  0.0571082  0.266782  -2.83802  0  0  0  0  0  0  0  0  0  0  0.653602  0.40917  -0.059273  0.114938  2.04692  
9.55  0  0  0  0  0  1.96367  0.685086  0.0585144  0.282983  -2.82842  0  0  0  0  0  0  0  0  0  0  0.650637  0.414841  -0.0598685  0.114784  2.05155  
9.59999  0  0  0  0  0  1.96555  0.696606  0.056586  0.278827  -2.82211  0  0  0  0  0  0  0  0  0  0  0.650109  0.420341  -0.0603599  0.114667  2.05533  
9.65  0  0  0  0  0  1.96747  0.710428  0.0537453  0.275296  -2.81504  0  0  0  0  0  0  0  0  0  0  0.646782  0.425689  -0.060923  0.114423  2.06006  
9.69995  0  0  0  0  0  1.96892  0.72204  0.0524167  0.278397  -2.80915  0  0  0  0  0  0  0  0  0  0  0.645799  0.430896  -0.0613934  0.114205  2.06405  
9.75  0  0  0  0  0  1.97081  0.737888  0.0505397  0.275908  -2.80649  0  0  0  0  0  0  0  0  0  0  0.639473  0.436078  -0.062029  0.113846  2.06968  
9.79999  0  0  0  0  0  1.97174  0.75188  0.0457531  0.268066  -2.79971  0  0  0  0  0  0  0  0  0  0  0.633702  0.441049  -0.0624225  0.113171  2.07485  
9.85  0  0  0  0  0  1.97174  0.75188  0.0457531  0.268066  -2.79971  0  0  0  0  0  0  0  0  0  0  0.633702  0.441049  -0.0624225  0.113171  2.07485  
9.89999  0  0  0  0  0  1.97199  0.780537  0.0409799  0.276925  -2.78099  0  0  0  0  0  0  0  0  0  0  0.617891  0.446936  -0.0634506  0.112691  2.0836  
9.95006  0  0  0  0  0  1.97166  0.797039  0.0366037  0.285937  -2.77531  0  0  0  0  0  0  0  0  0  0  0.61634  0.453488  -0.0640842  0.11263  2.0881  
10  0  0  0  0  0  1.97087  0.811246  0.0308743  0.292369  -2.76989  0  0  0  0  0  0  0  0  0  0  0.616832  0.459937  -0.0646996  0.112714  2.09189  
10.0499  0  0  0  0  0  1.97002  0.823077  0.0273619  0.272794  -2.7652  0  0  0  0  0  0  0  0  0  0  0.61443  0.465761  -0.0652701  0.112491  2.09655  
10.1  0  0  0  0  0  1.96818  0.83991  0.019827  0.292781  -2.75842  0  0  0  0  0  0  0  0  0  0  0.611419  0.471666  -0.0659859  0.112408  2.10162  
10.15  0  0  0  0  0  1.96635  0.854203  0.0156747  0.285592  -2.75392  0  0  0  0  0  0  0  0  0  0  0.608232  0.47738  -0.0666581  0.112229  2.10675  
10.2  0  0  0  0  0  1.96391  0.868671  0.00909502  0.285932  -2.74893  0  0  0  0  0  0  0  0  0  0  0.604856  0.482952  -0.0672807  0.112011  2.1117  
10.25  0  0  0  0  0  1.96089  0.883581  0.00228152  0.287124  -2.74402  0  0  0  0  0  0  0  0  0  0  0.601558  0.488511  -0.0678961  0.11182  2.11649  
10.3  0  0  0  0  0  1.95764  0.898417  -0.0036393  0.289681  -2.73977  0  0  0  0  0  0  0  0  0  0  0.598189  0.494042  -0.0685022  0.111621  2.12123  
10.3499  0  0  0  0  0  1.95398  0.913275  -0.01008  0.289567  -2.73439  0  0  0  0  0  0  0  0  0  0  0.594837  0.499431  -0.0690453  0.111377  2.12574  
10.4  0  0  0  0  0  1.95031  0.927866  -0.014982  0.288137  -2.73679  0  0  0  0  0  0  0  0  0  0  0.591162  0.504673  -0.069522  0.111082  2.13002  
10.45  0  0  0  0  0  1.9459  0.940866  -0.0229053  0.282897  -2.7245  0  0  0  0  0  0  0  0  0  0  0.587788  0.509731  -0.0699066  0.11062  2.13438  
10.5  0  0  0  0  0  1.94096  0.956158  -0.0301296  0.291388  -2.71979  0  0  0  0  0  0  0  0  0  0  0.58435  0.514812  -0.0703621  0.110165  2.13919  
10.55  0  0  0  0  0  1.93549  0.971584  -0.0376189  0.292477  -2.71488  0  0  0  0  0  0  0  0  0  0  0.580868  0.519912  -0.0708487  0.109763  2.14398  
10.6  0  0  0  0  0  1.92947  0.98708  -0.0412218  0.282622  -2.71063  0  0  0  0  0  0  0  0  0  0  0.574749  0.524652  -0.0713205  0.109152  2.14956  
10.6499  0  0  0  0  0  1.92184  1.00534  -0.0567982  0.302733  -2.7063  0  0  0  0  0  0  0  0  0  0  0.571426  0.529957  -0.071836  0.108775  2.15445  
10.7  0  0  0  0  0  1.91593  1.01851  -0.0567396  0.286429  -2.70229  0  0  0  0  0  0  0  0  0  0  0.568133  0.535006  -0.0722235  0.108262  2.15911  
10.75  0  0  0  0  0  1.91593  1.01851  -0.0567396  0.286429  -2.70229  0  0  0  0  0  0  0  0  0  0  0.564685  0.540316  -0.0727927  0.107982  2.16394  
10.8  0  0  0  0  0  1.90018  1.05037  -0.0700927  0.29679  -2.69466  0  0  0  0  0  0  0  0  0  0  0.561219  0.545395  -0.0732485  0.107559  2.16866  
10.85  0  0  0  0  0  1.89044  1.06848  -0.0837064  0.305735  -2.69834  0  0  0  0  0  0  0  0  0  0  0.557439  0.550641  -0.0738473  0.107303  2.17357  
10.8999  0  0  0  0  0  1.89044  1.06848  -0.0837064  0.305735  -2.69834  0  0  0  0  0  0  0  0  0  0  0.557439  0.550641  -0.0738473  0.107303  2.17357  
10.95  0  0  0  0  0  1.87363  1.09837  -0.0908329  0.304769  -2.68948  0  0  0  0  0  0  0  0  0  0  0.543073  0.55486  -0.0748203  0.106767  2.18205  
11  0  0  0  0  0  1.86354  1.11506  -0.101144  0.30635  -2.68405  0  0  0  0  0  0  0  0  0  0  0.540774  0.560892  -0.0753934  0.106473  2.18694  
11.05  0  0  0  0  0  1.85339  1.13096  -0.109387  0.305767  -2.68147  0  0  0  0  0  0  0  0  0  0  0.53785  0.566701  -0.0759998  0.106184  2.19201  
11.1  0  0  0  0  0  1.84277  1.14746  -0.111863  0.2987  -2.67724  0  0  0  0  0  0  0  0  0  0  0.531859  0.572071  -0.0767061  0.105851  2.19788  
11.15  0  0  0  0  0  1.82781  1.1697  -0.143898  0.334114  -2.66696  0  0  0  0  0  0  0  0  0  0  0.529076  0.578187  -0.0774743  0.105805  2.20283  
11.2  0  0  0  0  0  1.82781  1.1697  -0.143898  0.334114  -2.66696  0  0  0  0  0  0  0  0  0  0  0.529076  0.578187  -0.0774743  0.105805  2.20283  
11.25  0  0  0  0  0  1.80572  1.20018  -0.136984  0.309323  -2.65611  0  0  0  0  0  0  0  0  0  0  0.512088  0.582047  -0.0785859  0.105176  2.21249  
11.3  0  0  0  0  0  1.79095  1.21844  -0.160206  0.323528  -2.65792  0  0  0  0  0  0  0  0  0  0  0.510405  0.588893  -0.07927  0.105073  2.21712  
11.35  0  0  0  0  0  1.77785  1.23552  -0.163567  0.322186  -2.64565  0  0  0  0  0  0  0  0  0  0  0.510599  0.595708  -0.0798441  0.105026  2.22081  
11.4  0  0  0  0  0  1.7664  1.24949  -0.17819  0.327685  -2.64108  0  0  0  0  0  0  0  0  0  0  0.507484  0.601685  -0.080545  0.10492  2.22552  
11.4501  0  0  0  0  0  1.75252  1.26567  -0.183559  0.321563  -2.63608  0  0  0  0  0  0  0  0  0  0  0.503945  0.607516  -0.0813072  0.104822  2.23052  
11.5  0  0  0  0  0  1.73801  1.28229  -0.19428  0.324498  -2.62745  0  0  0  0  0  0  0  0  0  0  0.499943  0.613132  -0.0820718  0.104679  2.23572  
11.55  0  0  0  0  0  1.72289  1.29819  -0.194215  0.312086  -2.62312  0  0  0  0  0  0  0  0  0  0  0.493367  0.617963  -0.0827368  0.104305  2.24139  
11.6  0  0  0  0  0  1.72289  1.29819  -0.194215  0.312086  -2.62312  0  0  0  0  0  0  0  0  0  0  0.493367  0.617963  -0.0827368  0.104305  2.24139  
11.65  0  0  0  0  0  1.69385  1.32783  -0.215086  0.323518  -2.61184  0  0  0  0  0  0  0  0  0  0  0.478969  0.62144  -0.0836155  0.103677  2.24949  
11.7  0  0  0  0  0  1.67744  1.34404  -0.223031  0.321152  -2.60252  0  0  0  0  0  0  0  0  0  0  0.476597  0.62762  -0.0840928  0.103264  2.25422  
11.75  0  0  0  0  0  1.66339  1.35695  -0.220903  0.307319  -2.59768  0  0  0  0  0  0  0  0  0  0  0.473702  0.633487  -0.0846092  0.1028  2.25943  
11.7999  0  0  0  0  0  1.64322  1.37522  -0.251733  0.326302  -2.5888  0  0  0  0  0  0  0  0  0  0  0.470779  0.639216  -0.0851101  0.102388  2.2643  
11.85  0  0  0  0  0  1.62843  1.3882  -0.240972  0.307258  -2.5824  0  0  0  0  0  0  0  0  0  0  0.46482  0.643984  -0.0855576  0.10181  2.26967  
11.8999  0  0  0  0  0  1.60742  1.40612  -0.257516  0.312266  -2.57161  0  0  0  0  0  0  0  0  0  0  0.461619  0.64948  -0.0859507  0.101362  2.2741  
11.95  0  0  0  0  0  1.58593  1.4237  -0.279748  0.320586  -2.56457  0  0  0  0  0  0  0  0  0  0  0.458165  0.654977  -0.0864675  0.100985  2.2789  
12  0  0  0  0  0  1.56368  1.44092  -0.295027  0.322213  -2.55727  0  0  0  0  0  0  0  0  0  0  0.454374  0.660414  -0.0871323  0.100652  2.28432  
12.05  0  0  0  0  0  1.56368  1.44092  -0.295027  0.322213  -2.55727  0  0  0  0  0  0  0  0  0  0  0.454374  0.660414  -0.0871323  0.100652  2.28432  
12.0999  0  0  0  0  0  1.52805  1.46826  -0.303268  0.320443  -2.53918  0  0  0  0  0  0  0  0  0  0  0.441729  0.664055  -0.0882996  0.100294  2.29268  
12.15  0  0  0  0  0  1.50497  1.48526  -0.293496  0.303992  -2.53006  0  0  0  0  0  0  0  0  0  0  0.433127  0.668734  -0.0891071  0.0998524  2.29939  
12.2  0  0  0  0  0  1.48161  1.50194  -0.32784  0.320247  -2.51996  0  0  0  0  0  0  0  0  0  0  0.430155  0.675251  -0.08993  0.0996745  2.30485  
12.25  0  0  0  0  0  1.46529  1.51409  -0.309602  0.302264  -2.51145  0  0  0  0  0  0  0  0  0  0  0.427085  0.681205  -0.0905523  0.0992809  2.31025  
12.3  0  0  0  0  0  1.44459  1.52789  -0.329071  0.304217  -2.50445  0  0  0  0  0  0  0  0  0  0  0.423553  0.686798  -0.0911524  0.0988485  2.31571  
12.3499  0  0  0  0  0  1.44459  1.52789  -0.329071  0.304217  -2.50445  0  0  0  0  0  0  0  0  0  0  0.423553  0.686798  -0.0911524  0.0988485  2.31571  
12.4  0  0  0  0  0  1.39324  1.56347  -0.366112  0.325206  -2.47806  0  0  0  0  0  0  0  0  0  0  0.407777  0.690105  -0.0928686  0.0987932  2.32529  
12.45  0  0  0  0  0  1.37875  1.57188  -0.314893  0.278481  -2.47666  0  0  0  0  0  0  0  0  0  0  0.402289  0.695738  -0.0935123  0.0983495  2.33099  
12.5  0  0  0  0  0  1.35106  1.58956  -0.374792  0.312799  -2.4647  0  0  0  0  0  0  0  0  0  0  0.39917  0.702393  -0.0943469  0.0982095  2.33614  
12.5499  0  0  0  0  0  1.33406  1.6012  -0.361956  0.30232  -2.45451  0  0  0  0  0  0  0  0  0  0  0.398489  0.709428  -0.0950193  0.0980735  2.34038  
12.6  0  0  0  0  0  1.31655  1.61251  -0.371048  0.300269  -2.44349  0  0  0  0  0  0  0  0  0  0  0.397179  0.715819  -0.0956313  0.0978825  2.34456  
12.65  0  0  0  0  0  1.29568  1.62477  -0.354604  0.279956  -2.43644  0  0  0  0  0  0  0  0  0  0  0.390022  0.719799  -0.096216  0.0973389  2.35039  
12.7  0  0  0  0  0  1.28534  1.63198  -0.333388  0.267612  -2.42597  0  0  0  0  0  0  0  0  0  0  0.386205  0.72423  -0.096256  0.0964968  2.35495  
12.75  0  0  0  0  0  1.25769  1.64864  -0.396253  0.297518  -2.41588  0  0  0  0  0  0  0  0  0  0  0.382212  0.729151  -0.0966821  0.095954  2.35997  
12.8  0  0  0  0  0  1.23746  1.66046  -0.371465  0.276021  -2.40016  0  0  0  0  0  0  0  0  0  0  0.377808  0.733814  -0.0970983  0.0953935  2.36505  
12.85  0  0  0  0  0  1.2171  1.6727  -0.35903  0.265062  -2.39137  0  0  0  0  0  0  0  0  0  0  0.370767  0.737271  -0.0974284  0.0945885  2.37098  
12.9  0  0  0  0  0  1.1967  1.68562  -0.393028  0.285192  -2.38103  0  0  0  0  0  0  0  0  0  0  0.369272  0.743057  -0.0977992  0.0941318  2.3753  
12.95  0  0  0  0  0  1.17982  1.69558  -0.37195  0.264877  -2.36972  0  0  0  0  0  0  0  0  0  0  0.364878  0.747393  -0.0981201  0.0935113  2.38024  
13  0  0  0  0  0  1.16303  1.70451  -0.3661  0.253888  -2.36382  0  0  0  0  0  0  0  0  0  0  0.36041  0.751483  -0.0983104  0.0928001  2.38502  
13.05  0  0  0  0  0  1.14665  1.7141  -0.36391  0.252375  -2.3563  0  0  0  0  0  0  0  0  0  0  0.356253  0.75552  -0.0984079  0.0919781  2.38995  
13.0999  0  0  0  0  0  1.12022  1.72982  -0.402826  0.273029  -2.33673  0  0  0  0  0  0  0  0  0  0  0.351481  0.759801  -0.0988556  0.0913164  2.39582  
13.15  0  0  0  0  0  1.10083  1.74108  -0.366829  0.247085  -2.32253  0  0  0  0  0  0  0  0  0  0  0.344772  0.762958  -0.0990957  0.0903989  2.40206  
13.1999  0  0  0  0  0  1.08212  1.7517  -0.393251  0.25824  -2.31266  0  0  0  0  0  0  0  0  0  0  0.343278  0.768432  -0.0993786  0.0897758  2.40692  
13.2501  0  0  0  0  0  1.06544  1.76068  -0.388044  0.250647  -2.29955  0  0  0  0  0  0  0  0  0  0  0.341196  0.773516  -0.0997424  0.0891965  2.41195  
13.3  0  0  0  0  0  1.04359  1.77293  -0.383027  0.24662  -2.28741  0  0  0  0  0  0  0  0  0  0  0.333275  0.776181  -0.100307  0.0884947  2.41868  
13.35  0  0  0  0  0  1.02545  1.7835  -0.379433  0.243194  -2.27707  0  0  0  0  0  0  0  0  0  0  0.328422  0.780461  -0.100894  0.088016  2.42426  
13.3999  0  0  0  0  0  1.00662  1.79397  -0.383431  0.241268  -2.26637  0  0  0  0  0  0  0  0  0  0  0.323273  0.784535  -0.101447  0.0875283  2.42971  
13.45  0  0  0  0  0  0.988593  1.80454  -0.379221  0.238805  -2.25559  0  0  0  0  0  0  0  0  0  0  0.318326  0.788536  -0.101883  0.0870128  2.43475  
13.5  0  0  0  0  0  0.973794  1.81301  -0.364458  0.227988  -2.23905  0  0  0  0  0  0  0  0  0  0  0.313576  0.792287  -0.102125  0.086338  2.43977  
13.55  0  0  0  0  0  0.955773  1.82364  -0.373206  0.232665  -2.23087  0  0  0  0  0  0  0  0  0  0  0.30868  0.795996  -0.10243  0.0856362  2.44526  
13.6  0  0  0  0  0  0.93886  1.83331  -0.368089  0.227051  -2.21486  0  0  0  0  0  0  0  0  0  0  0.303748  0.799801  -0.102835  0.0850056  2.45083  
13.65  0  0  0  0  0  0.92477  1.84164  -0.366836  0.226584  -2.20435  0  0  0  0  0  0  0  0  0  0  0.301205  0.804825  -0.103277  0.0845791  2.4554  
13.7  0  0  0  0  0  0.90543  1.8531  -0.359046  0.221093  -2.19061  0  0  0  0  0  0  0  0  0  0  0.292911  0.80708  -0.103872  0.0840119  2.46151  
13.75  0  0  0  0  0  0.888973  1.86325  -0.358699  0.221734  -2.17319  0  0  0  0  0  0  0  0  0  0  0.290409  0.812182  -0.104254  0.0836736  2.46527  
13.8  0  0  0  0  0  0.883705  1.86615  -0.308044  0.188937  -2.17076  0  0  0  0  0  0  0  0  0  0  0.28039  0.812187  -0.103863  0.0823758  2.47106  
13.85  0  0  0  0  0  0.855094  1.88358  -0.393218  0.241555  -2.14734  0  0  0  0  0  0  0  0  0  0  0.275562  0.816467  -0.104422  0.081819  2.47697  
13.9  0  0  0  0  0  0.839346  1.89345  -0.347438  0.21455  -2.12867  0  0  0  0  0  0  0  0  0  0  0.270688  0.820694  -0.105036  0.0812785  2.48303  
13.95  0  0  0  0  0  0.827157  1.90116  -0.341969  0.211594  -2.11801  0  0  0  0  0  0  0  0  0  0  0.268121  0.826068  -0.10561  0.0809085  2.48786  
14  0  0  0  0  0  0.813123  1.9106  -0.334192  0.209014  -2.10625  0  0  0  0  0  0  0  0  0  0  0.262451  0.829707  -0.106255  0.0805426  2.49298  
14.05  0  0  0  0  0  0.799166  1.91974  -0.339161  0.211889  -2.09434  0  0  0  0  0  0  0  0  0  0  0.256744  0.833322  -0.106874  0.0802064  2.49779  
14.1  0  0  0  0  0  0.785167  1.92877  -0.319123  0.19946  -2.08105  0  0  0  0  0  0  0  0  0  0  0.248562  0.835295  -0.107314  0.0795984  2.5034  
14.15  0  0  0  0  0  0.768056  1.94054  -0.335583  0.213633  -2.0655  0  0  0  0  0  0  0  0  0  0  0.24309  0.839295  -0.108011  0.0792414  2.50864  
14.1999  0  0  0  0  0  0.759158  1.94684  -0.310056  0.198279  -2.05536  0  0  0  0  0  0  0  0  0  0  0.240403  0.844416  -0.108436  0.0788496  2.51287  
14.25  0  0  0  0  0  0.744765  1.95726  -0.318468  0.206398  -2.04146  0  0  0  0  0  0  0  0  0  0  0.234468  0.847824  -0.109127  0.0784409  2.51836  
14.3  0  0  0  0  0  0.73244  1.96685  -0.306343  0.202238  -2.03035  0  0  0  0  0  0  0  0  0  0  0.228578  0.851243  -0.10979  0.0780744  2.52344  
14.35  0  0  0  0  0  0.721054  1.97515  -0.299164  0.196959  -2.01745  0  0  0  0  0  0  0  0  0  0  0.222327  0.854537  -0.110501  0.0777575  2.5284  
14.4  0  0  0  0  0  0.709619  1.98408  -0.293189  0.197005  -2.00391  0  0  0  0  0  0  0  0  0  0  0.216402  0.858035  -0.111193  0.0774596  2.53314  
14.45  0  0  0  0  0  0.698392  1.99345  -0.288085  0.197784  -1.99292  0  0  0  0  0  0  0  0  0  0  0.21043  0.861161  -0.111684  0.0769973  2.538  
14.5  0  0  0  0  0  0.691113  1.99891  -0.2664  0.18059  -1.98234  0  0  0  0  0  0  0  0  0  0  0.20499  0.86396  -0.111736  0.0762702  2.54265  
14.55  0  0  0  0  0  0.678547  2.00963  -0.278803  0.196623  -1.9704  0  0  0  0  0  0  0  0  0  0  0.199224  0.86687  -0.112018  0.0756057  2.54788  
14.6  0  0  0  0  0  0.668255  2.01805  -0.260331  0.183089  -1.96229  0  0  0  0  0  0  0  0  0  0  0.191492  0.868418  -0.112182  0.0747777  2.55365  
14.65  0  0  0  0  0  0.658594  2.027  -0.266571  0.195929  -1.94783  0  0  0  0  0  0  0  0  0  0  0.188635  0.873473  -0.112508  0.0743441  2.55767  
14.7  0  0  0  0  0  0.648822  2.03532  -0.247085  0.179051  -1.93409  0  0  0  0  0  0  0  0  0  0  0.180496  0.874764  -0.112737  0.0735796  2.56334  
14.75  0  0  0  0  0  0.639062  2.04405  -0.25902  0.19428  -1.92229  0  0  0  0  0  0  0  0  0  0  0.17757  0.879831  -0.113092  0.0731728  2.56732  
14.8  0  0  0  0  0  0.629937  2.05268  -0.243277  0.185182  -1.91263  0  0  0  0  0  0  0  0  0  0  0.171744  0.882853  -0.113544  0.0726493  2.5724  
14.85  0  0  0  0  0  0.620793  2.06137  -0.239686  0.18557  -1.90141  0  0  0  0  0  0  0  0  0  0  0.165847  0.885764  -0.113965  0.0720901  2.57757  
14.9  0  0  0  0  0  0.611788  2.07012  -0.233406  0.183387  -1.89039  0  0  0  0  0  0  0  0  0  0  0.159929  0.888611  -0.114359  0.0714607  2.58308  
14.95  0  0  0  0  0  0.602898  2.07887  -0.230825  0.184873  -1.8809  0  0  0  0  0  0  0  0  0  0  0.154327  0.891569  -0.114709  0.0707542  2.5889  
15  0  0  0  0  0  0.594118  2.08767  -0.218697  0.177115  -1.87088  0  0  0  0  0  0  0  0  0  0  0.146251  0.892536  -0.114915  0.0697815  2.59586  
15.05  0  0  0  0  0  0.585467  2.09643  -0.227385  0.189593  -1.85982  0  0  0  0  0  0  0  0  0  0  0.143284  0.897576  -0.115326  0.0692124  2.60107  
15.1  0  0  0  0  0  0.576726  2.10521  -0.217474  0.182557  -1.84955  0  0  0  0  0  0  0  0  0  0  0.137555  0.900586  -0.115831  0.0685927  2.60694  
15.15  0  0  0  0  0  0.566511  2.11567  -0.219999  0.188966  -1.83578  0  0  0  0  0  0  0  0  0  0  0.131575  0.903634  -0.116489  0.0680418  2.61294  
15.2  0  0  0  0  0  0.559481  2.12282  -0.211824  0.18336  -1.82975  0  0  0  0  0  0  0  0  0  0  0.128132  0.908332  -0.117022  0.0675726  2.61793  
15.25  0  0  0  0  0  0.549177  2.13326  -0.20977  0.183776  -1.81733  0  0  0  0  0  0  0  0  0  0  0.1193  0.90894  -0.117638  0.0668199  2.62502  
15.3  0  0  0  0  0  0.549177  2.13326  -0.20977  0.183776  -1.81733  0  0  0  0  0  0  0  0  0  0  0.1193  0.90894  -0.117638  0.0668199  2.62502  
15.35  0  0  0  0  0  0.532972  2.14922  -0.203865  0.179301  -1.80458  0  0  0  0  0  0  0  0  0  0  0.100299  0.902158  -0.118266  0.0653969  2.63648  
15.4  0  0  0  0  0  0.532972  2.14922  -0.203865  0.179301  -1.80458  0  0  0  0  0  0  0  0  0  0  0.100299  0.902158  -0.118266  0.0653969  2.63648  
15.45  0  0  0  0  0  0.513203  2.16824  -0.209024  0.185489  -1.79262  0  0  0  0  0  0  0  0  0  0  0.0830043  0.897873  -0.119115  0.0640766  2.64806  
15.4999  0  0  0  0  0  0.513203  2.16824  -0.209024  0.185489  -1.79262  0  0  0  0  0  0  0  0  0  0  0.0830043  0.897873  -0.119115  0.0640766  2.64806  
15.55  0  0  0  0  0  0.494581  2.18531  -0.203985  0.180396  -1.7729  0  0  0  0  0  0  0  0  0  0  0.0663162  0.894827  -0.120017  0.0628223  2.65937  
15.6  0  0  0  0  0  0.486623  2.19279  -0.205009  0.183054  -1.76755  0  0  0  0  0  0  0  0  0  0  0.0660343  0.905069  -0.120492  0.0623623  2.66399  
15.65  0  0  0  0  0  0.475087  2.2022  -0.197384  0.172585  -1.75944  0  0  0  0  0  0  0  0  0  0  0.0575124  0.907664  -0.120865  0.0614091  2.6715  
15.7  0  0  0  0  0  0.466636  2.20916  -0.20531  0.179086  -1.75421  0  0  0  0  0  0  0  0  0  0  0.0541719  0.914558  -0.121222  0.0607293  2.67716  
15.75  0  0  0  0  0  0.457854  2.21615  -0.197353  0.170887  -1.75395  0  0  0  0  0  0  0  0  0  0  0.0527433  0.922353  -0.121383  0.0601124  2.68177  
15.8  0  0  0  0  0  0.445491  2.22562  -0.210903  0.179346  -1.74724  0  0  0  0  0  0  0  0  0  0  0.0480771  0.927424  -0.121903  0.0594995  2.68752  
15.85  0  0  0  0  0  0.436302  2.23228  -0.207765  0.173388  -1.74307  0  0  0  0  0  0  0  0  0  0  0.045388  0.933872  -0.12236  0.0590248  2.69213  
15.9  0  0  0  0  0  0.423121  2.24137  -0.20879  0.171248  -1.73675  0  0  0  0  0  0  0  0  0  0  0.0374607  0.935533  -0.122943  0.0582982  2.69881  
15.95  0  0  0  0  0  0.417247  2.24521  -0.193548  0.157694  -1.73451  0  0  0  0  0  0  0  0  0  0  0.0346678  0.941034  -0.12303  0.0576746  2.70323  
16  0  0  0  0  0  0.397195  2.2578  -0.232059  0.178942  -1.7258  0  0  0  0  0  0  0  0  0  0  0.0262104  0.942297  -0.123819  0.0570308  2.70996  
16.05  0  0  0  0  0  0.384608  2.26509  -0.218471  0.165224  -1.72065  0  0  0  0  0  0  0  0  0  0  0.0200783  0.945604  -0.12448  0.0565266  2.71533  
16.1  0  0  0  0  0  0.371532  2.27226  -0.222772  0.16322  -1.71548  0  0  0  0  0  0  0  0  0  0  0.0138981  0.948715  -0.125086  0.0560485  2.72034  
16.15  0  0  0  0  0  0.358007  2.2792  -0.227126  0.160607  -1.71106  0  0  0  0  0  0  0  0  0  0  0.00759421  0.951545  -0.125633  0.0555609  2.72521  
16.2  0  0  0  0  0  0.343984  2.28588  -0.236962  0.160709  -1.70617  0  0  0  0  0  0  0  0  0  0  0.00147565  0.954411  -0.126132  0.0550927  2.72978  
16.25  0  0  0  0  0  0.329487  2.29243  -0.229432  0.151806  -1.70249  0  0  0  0  0  0  0  0  0  0  -0.00707175  0.954551  -0.126432  0.0543808  2.73539  
16.3  0  0  0  0  0  0.312137  2.29974  -0.251869  0.15616  -1.69739  0  0  0  0  0  0  0  0  0  0  -0.0133901  0.95733  -0.126912  0.0538616  2.74023  
16.35  0  0  0  0  0  0.312137  2.29974  -0.251869  0.15616  -1.69739  0  0  0  0  0  0  0  0  0  0  -0.0133901  0.95733  -0.126912  0.0538616  2.74023  
16.4  0  0  0  0  0  0.283495  2.31046  -0.252597  0.14963  -1.69027  0  0  0  0  0  0  0  0  0  0  -0.0295675  0.950702  -0.127552  0.0527732  2.7493  
16.45  0  0  0  0  0  0.267261  2.31609  -0.259905  0.146456  -1.68676  0  0  0  0  0  0  0  0  0  0  -0.0347091  0.955341  -0.127915  0.0521751  2.7543  
16.5  0  0  0  0  0  0.250678  2.32134  -0.264457  0.141601  -1.6825  0  0  0  0  0  0  0  0  0  0  -0.0404101  0.959172  -0.128322  0.0515175  2.75982  
16.55  0  0  0  0  0  0.233818  2.32632  -0.262031  0.135406  -1.67959  0  0  0  0  0  0  0  0  0  0  -0.0483658  0.96031  -0.128589  0.0506841  2.76613  
16.5999  0  0  0  0  0  0.21643  2.3312  -0.2943  0.138885  -1.67512  0  0  0  0  0  0  0  0  0  0  -0.0515322  0.966494  -0.128869  0.0501649  2.77037  
16.65  0  0  0  0  0  0.204696  2.33423  -0.274691  0.127606  -1.6718  0  0  0  0  0  0  0  0  0  0  -0.0547406  0.9717  -0.128883  0.0495599  2.77449  
16.7  0  0  0  0  0  0.180716  2.34006  -0.298922  0.128113  -1.66825  0  0  0  0  0  0  0  0  0  0  -0.0632032  0.971377  -0.129132  0.0486043  2.7816  
16.75  0  0  0  0  0  0.165337  2.34343  -0.277576  0.117277  -1.66455  0  0  0  0  0  0  0  0  0  0  -0.070878  0.971365  -0.128966  0.0475413  2.78841  
16.8  0  0  0  0  0  0.146591  2.3474  -0.304071  0.118258  -1.66051  0  0  0  0  0  0  0  0  0  0  -0.0762443  0.974156  -0.128887  0.0466999  2.79397  
16.85  0  0  0  0  0  0.124175  2.35145  -0.320146  0.114356  -1.6551  0  0  0  0  0  0  0  0  0  0  -0.0820809  0.976776  -0.129048  0.0459859  2.79928  
16.8999  0  0  0  0  0  0.104697  2.35462  -0.318833  0.108394  -1.64698  0  0  0  0  0  0  0  0  0  0  -0.0878133  0.979461  -0.129236  0.0452609  2.80472  
16.95  0  0  0  0  0  0.0846637  2.35742  -0.323676  0.102805  -1.64206  0  0  0  0  0  0  0  0  0  0  -0.0938363  0.981748  -0.129445  0.0445179  2.81035  
17  0  0  0  0  0  0.0678137  2.35975  -0.321103  0.0981133  -1.63857  0  0  0  0  0  0  0  0  0  0  -0.0995075  0.983939  -0.129425  0.0437497  2.81562  
17.05  0  0  0  0  0  0.0471542  2.36197  -0.359789  0.0957994  -1.63506  0  0  0  0  0  0  0  0  0  0  -0.103333  0.988546  -0.129622  0.0431524  2.82023  
17.1  0  0  0  0  0  0.0259977  2.3639  -0.350602  0.0888703  -1.62966  0  0  0  0  0  0  0  0  0  0  -0.109564  0.99029  -0.129966  0.0423685  2.82646  
17.15  0  0  0  0  0  0.0082912  2.36542  -0.358659  0.0846287  -1.62678  0  0  0  0  0  0  0  0  0  0  -0.113879  0.994255  -0.130314  0.0417303  2.83168  
17.2  0  0  0  0  0  -0.020745  2.36697  -0.374364  0.0786238  -1.61872  0  0  0  0  0  0  0  0  0  0  -0.123004  0.992502  -0.130806  0.0408735  2.83873  
17.2499  0  0  0  0  0  -0.0428146  2.36797  -0.377499  0.0736114  -1.61453  0  0  0  0  0  0  0  0  0  0  -0.129452  0.9941  -0.131204  0.0401436  2.84467  
17.3  0  0  0  0  0  -0.0428146  2.36797  -0.377499  0.0736114  -1.61453  0  0  0  0  0  0  0  0  0  0  -0.129452  0.9941  -0.131204  0.0401436  2.84467  
17.35  0  0  0  0  0  -0.0878203  2.36852  -0.382041  0.0662574  -1.60237  0  0  0  0  0  0  0  0  0  0  -0.147281  0.982171  -0.131828  0.0386196  2.85661  
17.4  0  0  0  0  0  -0.110574  2.36845  -0.389687  0.0603291  -1.59799  0  0  0  0  0  0  0  0  0  0  -0.152805  0.986267  -0.132184  0.0377953  2.86309  
17.45  0  0  0  0  0  -0.133561  2.36778  -0.397059  0.0530856  -1.58973  0  0  0  0  0  0  0  0  0  0  -0.158602  0.989734  -0.132563  0.0369473  2.86978  
17.5  0  0  0  0  0  -0.156642  2.36669  -0.400489  0.0463415  -1.584  0  0  0  0  0  0  0  0  0  0  -0.164664  0.992619  -0.132927  0.0361139  2.87631  
17.55  0  0  0  0  0  -0.179784  2.36543  -0.406792  0.0401242  -1.57821  0  0  0  0  0  0  0  0  0  0  -0.170594  0.995422  -0.133234  0.035319  2.88246  
17.6  0  0  0  0  0  -0.198875  2.36388  -0.382403  0.0348302  -1.5768  0  0  0  0  0  0  0  0  0  0  -0.178257  0.994842  -0.133048  0.0343213  2.88913  
17.65  0  0  0  0  0  -0.222331  2.36171  -0.434015  0.0240794  -1.56995  0  0  0  0  0  0  0  0  0  0  -0.181951  1.00032  -0.133168  0.0336487  2.89409  
17.7  0  0  0  0  0  -0.245964  2.35917  -0.420474  0.0187863  -1.56264  0  0  0  0  0  0  0  0  0  0  -0.188113  1.0024  -0.133499  0.0328364  2.90041  
17.75  0  0  0  0  0  -0.269669  2.35625  -0.42217  0.0120502  -1.55452  0  0  0  0  0  0  0  0  0  0  -0.194559  1.00394  -0.133791  0.0320519  2.90646  
17.8  0  0  0  0  0  -0.293047  2.35264  -0.42593  0.00343351  -1.55181  0  0  0  0  0  0  0  0  0  0  -0.200748  1.00561  -0.133986  0.0313164  2.91198  
17.85  0  0  0  0  0  -0.316703  2.34874  -0.434127  -0.00378669  -1.54679  0  0  0  0  0  0  0  0  0  0  -0.207058  1.00698  -0.134148  0.0305155  2.91792  
17.9  0  0  0  0  0  -0.340615  2.34449  -0.43689  -0.0110414  -1.53898  0  0  0  0  0  0  0  0  0  0  -0.213379  1.00836  -0.134365  0.0296676  2.92428  
17.95  0  0  0  0  0  -0.36455  2.3398  -0.440588  -0.0188059  -1.53067  0  0  0  0  0  0  0  0  0  0  -0.219722  1.00975  -0.134642  0.0288452  2.93055  
18  0  0  0  0  0  -0.388394  2.33464  -0.441766  -0.0264545  -1.51422  0  0  0  0  0  0  0  0  0  0  -0.226344  1.01067  -0.134926  0.0280311  2.93676  
18.05  0  0  0  0  0  -0.412344  2.32909  -0.44702  -0.0343269  -1.50589  0  0  0  0  0  0  0  0  0  0  -0.232851  1.01189  -0.135253  0.0272196  2.943  
18.1  0  0  0  0  0  -0.436257  2.32308  -0.433361  -0.0382592  -1.49689  0  0  0  0  0  0  0  0  0  0  -0.240986  1.01  -0.135279  0.0262683  2.9498  
18.15  0  0  0  0  0  -0.463737  2.31545  -0.487472  -0.0610273  -1.48727  0  0  0  0  0  0  0  0  0  0  -0.245634  1.01432  -0.135581  0.025625  2.95479  
18.2  0  0  0  0  0  -0.487629  2.30875  -0.442689  -0.0546831  -1.47684  0  0  0  0  0  0  0  0  0  0  -0.253816  1.01232  -0.135706  0.0246531  2.96189  
18.25  0  0  0  0  0  -0.511233  2.30158  -0.47912  -0.0731883  -1.46737  0  0  0  0  0  0  0  0  0  0  -0.258631  1.01666  -0.136143  0.0239897  2.96717  
18.3  0  0  0  0  0  -0.526627  2.29655  -0.444847  -0.0703785  -1.46254  0  0  0  0  0  0  0  0  0  0  -0.263432  1.02026  -0.136417  0.0233515  2.97206  
18.35  0  0  0  0  0  -0.557803  2.28627  -0.476494  -0.0866909  -1.44608  0  0  0  0  0  0  0  0  0  0  -0.272249  1.01756  -0.136956  0.0224886  2.97884  
18.4  0  0  0  0  0  -0.580913  2.27816  -0.444336  -0.083542  -1.43525  0  0  0  0  0  0  0  0  0  0  -0.280799  1.01463  -0.137029  0.0215849  2.98536  
18.45  0  0  0  0  0  -0.607531  2.26814  -0.476398  -0.103235  -1.42692  0  0  0  0  0  0  0  0  0  0  -0.287139  1.01588  -0.137155  0.0208147  2.99098  
18.5  0  0  0  0  0  -0.630352  2.25947  -0.458982  -0.103173  -1.41507  0  0  0  0  0  0  0  0  0  0  -0.293634  1.01675  -0.13727  0.0200098  2.99684  
18.55  0  0  0  0  0  -0.630352  2.25947  -0.458982  -0.103173  -1.41507  0  0  0  0  0  0  0  0  0  0  -0.293634  1.01675  -0.13727  0.0200098  2.99684  
18.5999  0  0  0  0  0  -0.671108  2.24274  -0.461942  -0.112549  -1.3941  0  0  0  0  0  0  0  0  0  0  -0.307719  1.00507  -0.137641  0.0187214  3.00641  
18.65  0  0  0  0  0  -0.692879  2.23316  -0.455401  -0.118831  -1.38377  0  0  0  0  0  0  0  0  0  0  -0.313991  1.00819  -0.137887  0.0181008  3.01107  
18.6999  0  0  0  0  0  -0.710922  2.22513  -0.443542  -0.120032  -1.37282  0  0  0  0  0  0  0  0  0  0  -0.319928  1.01094  -0.137842  0.0174582  3.01561  
18.75  0  0  0  0  0  -0.73228  2.21537  -0.449417  -0.129981  -1.36233  0  0  0  0  0  0  0  0  0  0  -0.326033  1.01308  -0.137791  0.0168333  3.02003  
18.8  0  0  0  0  0  -0.753298  2.20532  -0.446176  -0.136477  -1.35098  0  0  0  0  0  0  0  0  0  0  -0.332272  1.01491  -0.137792  0.0162339  3.02432  
18.85  0  0  0  0  0  -0.773906  2.19514  -0.441174  -0.141692  -1.33798  0  0  0  0  0  0  0  0  0  0  -0.338629  1.01646  -0.137828  0.0156103  3.02881  
18.9  0  0  0  0  0  -0.790908  2.1866  -0.439773  -0.14772  -1.32825  0  0  0  0  0  0  0  0  0  0  -0.343312  1.02084  -0.137808  0.0151653  3.03199  
18.95  0  0  0  0  0  -0.814326  2.17447  -0.434786  -0.152327  -1.31353  0  0  0  0  0  0  0  0  0  0  -0.351311  1.01841  -0.137782  0.0144865  3.03684  
18.9999  0  0  0  0  0  -0.833888  2.164  -0.429039  -0.156672  -1.30097  0  0  0  0  0  0  0  0  0  0  -0.357949  1.01903  -0.137807  0.0139163  3.04095  
19.05  0  0  0  0  0  -0.853328  2.15349  -0.427026  -0.161911  -1.28911  0  0  0  0  0  0  0  0  0  0  -0.364507  1.02003  -0.137923  0.0133489  3.04511  
19.1  0  0  0  0  0  -0.875621  2.14134  -0.435268  -0.17231  -1.2726  0  0  0  0  0  0  0  0  0  0  -0.371321  1.02079  -0.138185  0.0127718  3.04943  
19.15  0  0  0  0  0  -0.89417  2.13062  -0.407489  -0.164623  -1.2608  0  0  0  0  0  0  0  0  0  0  -0.379432  1.01818  -0.138172  0.0120878  3.05433  
19.2  0  0  0  0  0  -0.89417  2.13062  -0.407489  -0.164623  -1.2608  0  0  0  0  0  0  0  0  0  0  -0.379432  1.01818  -0.138172  0.0120878  3.05433  
19.25  0  0  0  0  0  -0.930397  2.10946  -0.420173  -0.178075  -1.23347  0  0  0  0  0  0  0  0  0  0  -0.393017  1.00586  -0.13853  0.010965  3.06261  
19.3  0  0  0  0  0  -0.948278  2.09913  -0.397475  -0.169727  -1.21886  0  0  0  0  0  0  0  0  0  0  -0.400892  1.00574  -0.138508  0.0102009  3.06808  
19.35  0  0  0  0  0  -0.965475  2.08852  -0.417929  -0.189918  -1.20643  0  0  0  0  0  0  0  0  0  0  -0.405778  1.01244  -0.138739  0.00965933  3.07208  
19.4  0  0  0  0  0  -0.979751  2.08003  -0.399768  -0.182768  -1.19459  0  0  0  0  0  0  0  0  0  0  -0.410815  1.01791  -0.138969  0.00913043  3.07599  
19.45  0  0  0  0  0  -0.999071  2.06793  -0.391634  -0.184543  -1.17816  0  0  0  0  0  0  0  0  0  0  -0.419063  1.01561  -0.139132  0.00833611  3.08175  
19.5  0  0  0  0  0  -1.01528  2.05791  -0.386726  -0.18578  -1.16416  0  0  0  0  0  0  0  0  0  0  -0.425693  1.01715  -0.139333  0.00762152  3.08695  
19.55  0  0  0  0  0  -1.02857  2.04967  -0.372082  -0.181415  -1.15337  0  0  0  0  0  0  0  0  0  0  -0.432259  1.01814  -0.139378  0.00685867  3.09242  
19.6  0  0  0  0  0  -1.04158  2.04146  -0.375053  -0.187894  -1.14126  0  0  0  0  0  0  0  0  0  0  -0.437295  1.02249  -0.13946  0.00621584  3.09705  
19.65  0  0  0  0  0  -1.05953  2.03011  -0.365156  -0.185923  -1.12638  0  0  0  0  0  0  0  0  0  0  -0.445302  1.01915  -0.13942  0.00533892  3.10332  
19.7  0  0  0  0  0  -1.07182  2.02187  -0.348724  -0.180978  -1.11552  0  0  0  0  0  0  0  0  0  0  -0.451325  1.01969  -0.139017  0.00463613  3.10826  
19.75  0  0  0  0  0  -1.08662  2.01262  -0.34163  -0.178147  -1.1011  0  0  0  0  0  0  0  0  0  0  -0.458372  1.01672  -0.138243  0.003814  3.11401  
19.8  0  0  0  0  0  -1.10341  2.00166  -0.369537  -0.201039  -1.08436  0  0  0  0  0  0  0  0  0  0  -0.463252  1.02119  -0.138148  0.00321762  3.11831  
19.85  0  0  0  0  0  -1.10341  2.00166  -0.369537  -0.201039  -1.08436  0  0  0  0  0  0  0  0  0  0  -0.463252  1.02119  -0.138148  0.00321762  3.11831  
19.8999  0  0  0  0  0  -1.13135  1.9838  -0.34073  -0.184835  -1.05748  0  0  0  0  0  0  0  0  0  0  -0.47708  1.00382  -0.138123  0.00197961  3.12726  
19.95  0  0  0  0  0  -1.14479  1.97484  -0.33432  -0.185128  -1.04605  0  0  0  0  0  0  0  0  0  0  -0.48331  1.00731  -0.138054  0.00144476  3.13113  
20  0  0  0  0  0  -1.15809  1.96634  -0.343114  -0.191932  -1.03175  0  0  0  0  0  0  0  0  0  0  -0.488558  1.01338  -0.138218  0.00101485  3.13425  
20.05  0  0  0  0  0  -1.17326  1.95645  -0.328574  -0.185869  -1.01693  0  0  0  0  0  0  0  0  0  0  -0.496424  1.01143  -0.138254  0.000381199  3.13884  
20.1  0  0  0  0  0  -1.18618  1.94845  -0.320787  -0.1814  -1.0042  0  0  0  0  0  0  0  0  0  0  -0.502969  1.01294  -0.138254  -0.000104503  3.14235  
20.15  0  0  0  0  0  -1.19669  1.94169  -0.307745  -0.176101  -0.992552  0  0  0  0  0  0  0  0  0  0  -0.509162  1.01436  -0.138022  -0.000565126  3.14569  
20.2  0  0  0  0  0  -1.2111  1.93259  -0.317684  -0.183471  -0.978683  0  0  0  0  0  0  0  0  0  0  -0.51574  1.01529  -0.138041  -0.00103707  3.14911  
20.25  0  0  0  0  0  -1.22341  1.92495  -0.29587  -0.170767  -0.966409  0  0  0  0  0  0  0  0  0  0  -0.523405  1.01231  -0.137801  -0.00160578  3.15324  
20.3  0  0  0  0  0  -1.23515  1.91749  -0.306281  -0.179133  -0.953131  0  0  0  0  0  0  0  0  0  0  -0.528804  1.01684  -0.137866  -0.0019534  3.15576  
20.35  0  0  0  0  0  -1.23515  1.91749  -0.306281  -0.179133  -0.953131  0  0  0  0  0  0  0  0  0  0  -0.528804  1.01684  -0.137866  -0.0019534  3.15576  
20.4  0  0  0  0  0  -1.25829  1.903  -0.292124  -0.171064  -0.925836  0  0  0  0  0  0  0  0  0  0  -0.541995  0.999475  -0.137884  -0.00291465  3.16273  
20.45  0  0  0  0  0  -1.26599  1.89873  -0.268012  -0.155124  -0.919275  0  0  0  0  0  0  0  0  0  0  -0.549043  0.999096  -0.137137  -0.00329803  3.16564  
20.5  0  0  0  0  0  -1.28123  1.89004  -0.307883  -0.178206  -0.900494  0  0  0  0  0  0  0  0  0  0  -0.554581  1.00576  -0.137278  -0.00357135  3.1676  
20.55  0  0  0  0  0  -1.29243  1.88391  -0.272472  -0.157285  -0.888227  0  0  0  0  0  0  0  0  0  0  -0.562251  1.00428  -0.137128  -0.00409271  3.17143  
20.5999  0  0  0  0  0  -1.30167  1.87874  -0.274303  -0.158226  -0.876565  0  0  0  0  0  0  0  0  0  0  -0.567517  1.01004  -0.137055  -0.004438  3.17396  
20.65  0  0  0  0  0  -1.31248  1.87287  -0.267585  -0.153133  -0.865225  0  0  0  0  0  0  0  0  0  0  -0.574147  1.01097  -0.137034  -0.00489227  3.17728  
20.7  0  0  0  0  0  -1.32363  1.86738  -0.268944  -0.151262  -0.852652  0  0  0  0  0  0  0  0  0  0  -0.580819  1.01169  -0.137064  -0.00536505  3.18072  
20.7499  0  0  0  0  0  -1.33631  1.86099  -0.26664  -0.14919  -0.839261  0  0  0  0  0  0  0  0  0  0  -0.587842  1.01193  -0.137299  -0.00593007  3.18476  
20.8  0  0  0  0  0  -1.34722  1.85552  -0.252565  -0.140944  -0.826836  0  0  0  0  0  0  0  0  0  0  -0.595511  1.009  -0.137256  -0.00656853  3.18941  
20.85  0  0  0  0  0  -1.3579  1.85027  -0.264259  -0.144976  -0.816152  0  0  0  0  0  0  0  0  0  0  -0.601161  1.01317  -0.137402  -0.00703973  3.19278  
20.8999  0  0  0  0  0  -1.36895  1.84528  -0.254786  -0.137329  -0.803256  0  0  0  0  0  0  0  0  0  0  -0.607852  1.01282  -0.137477  -0.00767317  3.19735  
20.95  0  0  0  0  0  -1.37977  1.84029  -0.244017  -0.131239  -0.794475  0  0  0  0  0  0  0  0  0  0  -0.615505  1.00876  -0.137404  -0.00847905  3.20322  
21  0  0  0  0  0  -1.39079  1.8354  -0.257522  -0.135015  -0.784047  0  0  0  0  0  0  0  0  0  0  -0.621345  1.01233  -0.137655  -0.00918405  3.20821  
21.05  0  0  0  0  0  -1.40152  1.83036  -0.246416  -0.129589  -0.774529  0  0  0  0  0  0  0  0  0  0  -0.628328  1.01125  -0.137895  -0.0100232  3.21415  
21.1  0  0  0  0  0  -1.41268  1.8256  -0.245984  -0.126041  -0.764694  0  0  0  0  0  0  0  0  0  0  -0.635073  1.01075  -0.138112  -0.0107732  3.21944  
21.15  0  0  0  0  0  -1.42367  1.82077  -0.235435  -0.120459  -0.755295  0  0  0  0  0  0  0  0  0  0  -0.64263  1.00602  -0.138021  -0.0115593  3.22515  
21.2  0  0  0  0  0  -1.4347  1.81589  -0.251166  -0.126165  -0.745526  0  0  0  0  0  0  0  0  0  0  -0.648507  1.00914  -0.138238  -0.0122166  3.22974  
21.25  0  0  0  0  0  -1.44402  1.81218  -0.227295  -0.112979  -0.738974  0  0  0  0  0  0  0  0  0  0  -0.655832  1.00458  -0.138051  -0.0130738  3.23601  
21.3  0  0  0  0  0  -1.45697  1.80684  -0.255509  -0.123352  -0.728377  0  0  0  0  0  0  0  0  0  0  -0.661779  1.00752  -0.138305  -0.0137476  3.24067  
21.35  0  0  0  0  0  -1.46669  1.80291  -0.233438  -0.112584  -0.718752  0  0  0  0  0  0  0  0  0  0  -0.668172  1.00643  -0.13826  -0.014408  3.24543  
21.4  0  0  0  0  0  -1.48016  1.79735  -0.246775  -0.117009  -0.706862  0  0  0  0  0  0  0  0  0  0  -0.674958  1.00473  -0.138411  -0.0151824  3.25085  
21.45  0  0  0  0  0  -1.48798  1.7946  -0.231361  -0.106794  -0.702774  0  0  0  0  0  0  0  0  0  0  -0.680527  1.00702  -0.138393  -0.0158337  3.25551  
21.5  0  0  0  0  0  -1.50336  1.78882  -0.244988  -0.111338  -0.691494  0  0  0  0  0  0  0  0  0  0  -0.688167  1.00122  -0.138534  -0.0168507  3.26263  
21.55  0  0  0  0  0  -1.51542  1.78441  -0.239673  -0.107223  -0.680479  0  0  0  0  0  0  0  0  0  0  -0.694973  0.999854  -0.138727  -0.017776  3.26903  
21.6  0  0  0  0  0  -1.52751  1.78  -0.240292  -0.105907  -0.67327  0  0  0  0  0  0  0  0  0  0  -0.701877  0.998146  -0.138946  -0.0186937  3.27533  
21.65  0  0  0  0  0  -1.5378  1.77633  -0.233419  -0.101275  -0.667239  0  0  0  0  0  0  0  0  0  0  -0.708344  0.997247  -0.138953  -0.0195086  3.28108  
21.7  0  0  0  0  0  -1.54998  1.77178  -0.239607  -0.103033  -0.657819  0  0  0  0  0  0  0  0  0  0  -0.714876  0.995395  -0.138877  -0.0203003  3.28674  
21.75  0  0  0  0  0  -1.56283  1.76756  -0.242373  -0.100486  -0.651189  0  0  0  0  0  0  0  0  0  0  -0.721282  0.994001  -0.138796  -0.0210039  3.29178  
21.8  0  0  0  0  0  -1.5779  1.76214  -0.241523  -0.100281  -0.641889  0  0  0  0  0  0  0  0  0  0  -0.728509  0.988538  -0.13867  -0.0218373  3.29779  
21.85  0  0  0  0  0  -1.5779  1.76214  -0.241523  -0.100281  -0.641889  0  0  0  0  0  0  0  0  0  0  -0.728509  0.988538  -0.13867  -0.0218373  3.29779  
21.9  0  0  0  0  0  -1.60204  1.75353  -0.251696  -0.102532  -0.629168  0  0  0  0  0  0  0  0  0  0  -0.737816  0.975554  -0.138843  -0.0231268  3.30665  
21.95  0  0  0  0  0  -1.6179  1.74781  -0.247762  -0.100273  -0.622725  0  0  0  0  0  0  0  0  0  0  -0.745696  0.97217  -0.139007  -0.0240943  3.31322  
22  0  0  0  0  0  -1.63164  1.74242  -0.242327  -0.0986276  -0.615514  0  0  0  0  0  0  0  0  0  0  -0.753266  0.969066  -0.138883  -0.0250069  3.31974  
22.05  0  0  0  0  0  -1.64323  1.73795  -0.25387  -0.102424  -0.609293  0  0  0  0  0  0  0  0  0  0  -0.759468  0.974066  -0.138816  -0.0256941  3.32462  
22.1  0  0  0  0  0  -1.65507  1.73363  -0.239119  -0.0953353  -0.606958  0  0  0  0  0  0  0  0  0  0  -0.766152  0.970419  -0.138175  -0.0264485  3.33072  
22.15  0  0  0  0  0  -1.67412  1.72579  -0.290989  -0.118193  -0.596042  0  0  0  0  0  0  0  0  0  0  -0.772645  0.974502  -0.138416  -0.0271992  3.33562  
22.2  0  0  0  0  0  -1.68848  1.71969  -0.262667  -0.107296  -0.592903  0  0  0  0  0  0  0  0  0  0  -0.779731  0.973565  -0.138704  -0.0281253  3.34165  
22.2499  0  0  0  0  0  -1.7033  1.7133  -0.26966  -0.110639  -0.585254  0  0  0  0  0  0  0  0  0  0  -0.786731  0.972773  -0.138988  -0.0289957  3.34726  
22.3  0  0  0  0  0  -1.71551  1.70776  -0.272172  -0.113379  -0.579949  0  0  0  0  0  0  0  0  0  0  -0.79301  0.975135  -0.139123  -0.0297106  3.35199  
22.35  0  0  0  0  0  -1.7331  1.70005  -0.27779  -0.115623  -0.573295  0  0  0  0  0  0  0  0  0  0  -0.800047  0.96899  -0.139004  -0.0307328  3.35919  
22.4  0  0  0  0  0  -1.74817  1.69303  -0.276536  -0.117384  -0.56723  0  0  0  0  0  0  0  0  0  0  -0.806566  0.967557  -0.138838  -0.0316088  3.36544  
22.45  0  0  0  0  0  -1.76348  1.68585  -0.281348  -0.12055  -0.56331  0  0  0  0  0  0  0  0  0  0  -0.81303  0.966374  -0.138709  -0.0323788  3.37092  
22.5  0  0  0  0  0  -1.77883  1.67833  -0.283341  -0.123634  -0.557223  0  0  0  0  0  0  0  0  0  0  -0.819603  0.964833  -0.138669  -0.0331377  3.37616  
22.55  0  0  0  0  0  -1.79156  1.67187  -0.274066  -0.120934  -0.552781  0  0  0  0  0  0  0  0  0  0  -0.826023  0.962953  -0.13845  -0.0338735  3.38154  
22.5999  0  0  0  0  0  -1.80189  1.66674  -0.274361  -0.122025  -0.547664  0  0  0  0  0  0  0  0  0  0  -0.831694  0.965528  -0.138047  -0.0343621  3.38555  
22.65  0  0  0  0  0  -1.82244  1.65561  -0.291911  -0.134932  -0.54028  0  0  0  0  0  0  0  0  0  0  -0.838155  0.959321  -0.137682  -0.0350579  3.39092  
22.7  0  0  0  0  0  -1.8356  1.6486  -0.276843  -0.128074  -0.536201  0  0  0  0  0  0  0  0  0  0  -0.844222  0.957634  -0.137211  -0.0355134  3.39486  
22.75  0  0  0  0  0  -1.85392  1.63864  -0.297161  -0.141302  -0.531916  0  0  0  0  0  0  0  0  0  0  -0.850719  0.956294  -0.137077  -0.0360514  3.39877  
22.8  0  0  0  0  0  -1.86712  1.63109  -0.280271  -0.135091  -0.528536  0  0  0  0  0  0  0  0  0  0  -0.856835  0.954423  -0.136658  -0.0364487  3.40224  
22.85  0  0  0  0  0  -1.88555  1.62019  -0.290745  -0.144267  -0.522015  0  0  0  0  0  0  0  0  0  0  -0.863318  0.948616  -0.136227  -0.0369527  3.40648  
22.9  0  0  0  0  0  -1.88555  1.62019  -0.290745  -0.144267  -0.522015  0  0  0  0  0  0  0  0  0  0  -0.863318  0.948616  -0.136227  -0.0369527  3.40648  
22.95  0  0  0  0  0  -1.91737  1.60028  -0.299462  -0.153828  -0.510731  0  0  0  0  0  0  0  0  0  0  -0.870883  0.930921  -0.135597  -0.0377508  3.41312  
22.9999  0  0  0  0  0  -1.93598  1.58811  -0.296124  -0.155827  -0.503051  0  0  0  0  0  0  0  0  0  0  -0.87796  0.928573  -0.135048  -0.0380988  3.41656  
23.05  0  0  0  0  0  -1.95175  1.57758  -0.296448  -0.159978  -0.498814  0  0  0  0  0  0  0  0  0  0  -0.885175  0.930172  -0.134853  -0.0385023  3.41971  
23.1  0  0  0  0  0  -1.95175  1.57758  -0.296448  -0.159978  -0.498814  0  0  0  0  0  0  0  0  0  0  -0.885175  0.930172  -0.134853  -0.0385023  3.41971  
23.15  0  0  0  0  0  -1.97793  1.5591  -0.310407  -0.174909  -0.489072  0  0  0  0  0  0  0  0  0  0  -0.893326  0.922236  -0.135043  -0.0392777  3.42464  
23.2  0  0  0  0  0  -1.99876  1.54368  -0.293606  -0.168227  -0.48196  0  0  0  0  0  0  0  0  0  0  -0.901174  0.911992  -0.134656  -0.0398791  3.42952  
23.25  0  0  0  0  0  -2.01419  1.53145  -0.300365  -0.180162  -0.474437  0  0  0  0  0  0  0  0  0  0  -0.908725  0.914742  -0.134366  -0.0402412  3.43258  
23.3  0  0  0  0  0  -2.02969  1.5192  -0.302854  -0.186228  -0.467014  0  0  0  0  0  0  0  0  0  0  -0.916251  0.917015  -0.134259  -0.0406888  3.43586  
23.35  0  0  0  0  0  -2.04245  1.50853  -0.291673  -0.183885  -0.461096  0  0  0  0  0  0  0  0  0  0  -0.923435  0.917763  -0.134056  -0.0410874  3.439  
23.4  0  0  0  0  0  -2.05278  1.49975  -0.279392  -0.179146  -0.45728  0  0  0  0  0  0  0  0  0  0  -0.929693  0.918807  -0.133282  -0.0412364  3.44164  
23.45  0  0  0  0  0  -2.07542  1.47952  -0.324959  -0.226405  -0.445821  0  0  0  0  0  0  0  0  0  0  -0.936761  0.918761  -0.133196  -0.0417653  3.44545  
23.5  0  0  0  0  0  -2.08284  1.47258  -0.269646  -0.183046  -0.441994  0  0  0  0  0  0  0  0  0  0  -0.943222  0.918569  -0.132754  -0.0421369  3.44894  
23.55  0  0  0  0  0  -2.10255  1.45342  -0.329554  -0.248252  -0.431162  0  0  0  0  0  0  0  0  0  0  -0.949937  0.921609  -0.132728  -0.0425817  3.45204  
23.6  0  0  0  0  0  -2.10975  1.44602  -0.269845  -0.197291  -0.428479  0  0  0  0  0  0  0  0  0  0  -0.955749  0.920284  -0.132119  -0.0429132  3.45565  
23.65  0  0  0  0  0  -2.11215  1.44368  -0.248471  -0.180461  -0.427107  0  0  0  0  0  0  0  0  0  0  -0.960466  0.919242  -0.130736  -0.0428942  3.45862  
23.7  0  0  0  0  0  -2.14469  1.40778  -0.329985  -0.279266  -0.408687  0  0  0  0  0  0  0  0  0  0  -0.967124  0.912754  -0.130655  -0.043711  3.46444  
23.75  0  0  0  0  0  -2.14469  1.40778  -0.329985  -0.279266  -0.408687  0  0  0  0  0  0  0  0  0  0  -0.967124  0.912754  -0.130655  -0.043711  3.46444  
23.8  0  0  0  0  0  -2.16656  1.38098  -0.290778  -0.248722  -0.395506  0  0  0  0  0  0  0  0  0  0  -0.974259  0.89914  -0.13071  -0.0448506  3.47214  
23.85  0  0  0  0  0  -2.18329  1.35901  -0.275651  -0.243936  -0.384256  0  0  0  0  0  0  0  0  0  0  -0.981642  0.890973  -0.130698  -0.045861  3.47906  
23.8999  0  0  0  0  0  -2.18329  1.35901  -0.275651  -0.243936  -0.384256  0  0  0  0  0  0  0  0  0  0  -0.981642  0.890973  -0.130698  -0.045861  3.47906  
23.95  0  0  0  0  0  -2.2091  1.32214  -0.279927  -0.263281  -0.367558  0  0  0  0  0  0  0  0  0  0  -0.989365  0.870557  -0.130655  -0.0474779  3.49014  
23.9999  0  0  0  0  0  -2.2091  1.32214  -0.279927  -0.263281  -0.367558  0  0  0  0  0  0  0  0  0  0  -0.989365  0.870557  -0.130655  -0.0474779  3.49014  
24.05  0  0  0  0  0  -2.23149  1.28709  -0.280413  -0.27769  -0.351619  0  0  0  0  0  0  0  0  0  0  -0.997486  0.853075  -0.13047  -0.0489487  3.50051  
24.1  0  0  0  0  0  -2.23149  1.28709  -0.280413  -0.27769  -0.351619  0  0  0  0  0  0  0  0  0  0  -0.997486  0.853075  -0.13047  -0.0489487  3.50051  
24.1499  0  0  0  0  0  -2.24393  1.26604  -0.260988  -0.267019  -0.341023  0  0  0  0  0  0  0  0  0  0  -1.00599  0.850441  -0.130033  -0.0499212  3.50815  
24.2  0  0  0  0  0  -2.26058  1.23591  -0.261036  -0.285743  -0.329656  0  0  0  0  0  0  0  0  0  0  -1.01423  0.843286  -0.129525  -0.0510498  3.51703  
24.25  0  0  0  0  0  -2.27322  1.21121  -0.266922  -0.317346  -0.314501  0  0  0  0  0  0  0  0  0  0  -1.02349  0.849032  -0.129543  -0.0519246  3.52281  
24.3  0  0  0  0  0  -2.28228  1.19276  -0.250325  -0.303783  -0.304239  0  0  0  0  0  0  0  0  0  0  -1.03206  0.853381  -0.129419  -0.0527529  3.52864  
24.3499  0  0  0  0  0  -2.28938  1.17738  -0.236248  -0.296349  -0.297594  0  0  0  0  0  0  0  0  0  0  -1.03985  0.856308  -0.129049  -0.0534822  3.53448  
24.4  0  0  0  0  0  -2.299  1.15527  -0.241169  -0.328497  -0.281952  0  0  0  0  0  0  0  0  0  0  -1.04741  0.857923  -0.128814  -0.0542345  3.54009  
24.45  0  0  0  0  0  -2.30541  1.13955  -0.230826  -0.327407  -0.273438  0  0  0  0  0  0  0  0  0  0  -1.05488  0.862965  -0.128585  -0.054828  3.54465  
24.5  0  0  0  0  0  -2.31269  1.12079  -0.220986  -0.326658  -0.264313  0  0  0  0  0  0  0  0  0  0  -1.06165  0.862519  -0.128312  -0.0556144  3.55058  
24.55  0  0  0  0  0  -2.31965  1.10167  -0.213694  -0.332305  -0.254501  0  0  0  0  0  0  0  0  0  0  -1.0681  0.861527  -0.127941  -0.0563972  3.55677  
24.6001  0  0  0  0  0  -2.3261  1.08278  -0.207598  -0.339876  -0.246424  0  0  0  0  0  0  0  0  0  0  -1.07432  0.860447  -0.127516  -0.0571063  3.56265  
24.65  0  0  0  0  0  -2.3322  1.06342  -0.198987  -0.342561  -0.2339  0  0  0  0  0  0  0  0  0  0  -1.08038  0.858566  -0.127129  -0.0577504  3.56799  
24.7  0  0  0  0  0  -2.33692  1.04736  -0.187001  -0.332189  -0.225077  0  0  0  0  0  0  0  0  0  0  -1.08624  0.856424  -0.126673  -0.0583196  3.57306  
24.75  0  0  0  0  0  -2.34207  1.02794  -0.178526  -0.333767  -0.213467  0  0  0  0  0  0  0  0  0  0  -1.09156  0.849929  -0.126082  -0.058987  3.57919  
24.8  0  0  0  0  0  -2.34765  1.00526  -0.176999  -0.361371  -0.200779  0  0  0  0  0  0  0  0  0  0  -1.09762  0.848478  -0.125609  -0.0595458  3.58427  
24.85  0  0  0  0  0  -2.35192  0.985841  -0.165264  -0.351091  -0.192884  0  0  0  0  0  0  0  0  0  0  -1.10343  0.846376  -0.125046  -0.0601267  3.58979  
24.9  0  0  0  0  0  -2.35621  0.962966  -0.158579  -0.366403  -0.17764  0  0  0  0  0  0  0  0  0  0  -1.10952  0.843922  -0.124704  -0.0609589  3.59626  
24.95  0  0  0  0  0  -2.35621  0.962966  -0.158579  -0.366403  -0.17764  0  0  0  0  0  0  0  0  0  0  -1.10952  0.843922  -0.124704  -0.0609589  3.59626  
25.0006  0  0  0  0  0  -2.36125  0.930503  -0.147121  -0.355022  -0.159142  0  0  0  0  0  0  0  0  0  0  -1.1133  0.824366  -0.12409  -0.0622775  3.60674  
25.05  0  0  0  0  0  -2.36396  0.907782  -0.140267  -0.376402  -0.146397  0  0  0  0  0  0  0  0  0  0  -1.12049  0.823969  -0.123823  -0.0631583  3.61326  
25.1  0  0  0  0  0  -2.3658  0.888361  -0.128441  -0.355151  -0.135644  0  0  0  0  0  0  0  0  0  0  -1.12641  0.819279  -0.123219  -0.0639218  3.62014  
25.15  0  0  0  0  0  -2.36719  0.869043  -0.121784  -0.386148  -0.124206  0  0  0  0  0  0  0  0  0  0  -1.13392  0.822828  -0.122927  -0.0646105  3.62551  
25.2  0  0  0  0  0  -2.36794  0.85275  -0.110519  -0.359987  -0.114928  0  0  0  0  0  0  0  0  0  0  -1.14002  0.821182  -0.122413  -0.0653695  3.63207  
25.25  0  0  0  0  0  -2.36833  0.836492  -0.102161  -0.376494  -0.102794  0  0  0  0  0  0  0  0  0  0  -1.14673  0.823307  -0.122012  -0.0660553  3.6378  
25.3  0  0  0  0  0  -2.36826  0.810714  -0.0923627  -0.381658  -0.0875462  0  0  0  0  0  0  0  0  0  0  -1.1518  0.816005  -0.121631  -0.0670913  3.64566  
25.35  0  0  0  0  0  -2.36796  0.791595  -0.0841375  -0.376654  -0.0756699  0  0  0  0  0  0  0  0  0  0  -1.15791  0.8132  -0.121389  -0.0680231  3.65236  
25.4  0  0  0  0  0  -2.36796  0.791595  -0.0841375  -0.376654  -0.0756699  0  0  0  0  0  0  0  0  0  0  -1.15791  0.8132  -0.121389  -0.0680231  3.65236  
25.4499  0  0  0  0  0  -2.36562  0.753109  -0.0731085  -0.376756  -0.0506254  0  0  0  0  0  0  0  0  0  0  -1.15987  0.789208  -0.120732  -0.0696301  3.66473  
25.5  0  0  0  0  0  -2.3643  0.73721  -0.0639175  -0.379997  -0.0409267  0  0  0  0  0  0  0  0  0  0  -1.16818  0.793332  -0.120425  -0.0704852  3.67114  
25.55  0  0  0  0  0  -2.36252  0.718185  -0.0575661  -0.357962  -0.0290147  0  0  0  0  0  0  0  0  0  0  -1.1726  0.78418  -0.119454  -0.0713353  3.67993  
25.6  0  0  0  0  0  -2.36037  0.699342  -0.0473428  -0.372042  -0.0164903  0  0  0  0  0  0  0  0  0  0  -1.17927  0.783541  -0.118799  -0.0719798  3.68634  
25.65  0  0  0  0  0  -2.36037  0.699342  -0.0473428  -0.372042  -0.0164903  0  0  0  0  0  0  0  0  0  0  -1.17927  0.783541  -0.118799  -0.0719798  3.68634  
25.7  0  0  0  0  0  -2.35796  0.680607  -0.041368  -0.351814  -0.00379115  0  0  0  0  0  0  0  0  0  0  -1.1836  0.775018  -0.117782  -0.0725606  3.69374  
25.75  0  0  0  0  0  -2.35321  0.646801  -0.0284599  -0.389054  0.0198444  0  0  0  0  0  0  0  0  0  0  -1.18882  0.766333  -0.117215  -0.0735766  3.70214  
25.8  0  0  0  0  0  -2.34977  0.625694  -0.023448  -0.364794  0.0343485  0  0  0  0  0  0  0  0  0  0  -1.19525  0.762657  -0.11658  -0.074405  3.70965  
25.85  0  0  0  0  0  -2.34977  0.625694  -0.023448  -0.364794  0.0343485  0  0  0  0  0  0  0  0  0  0  -1.19525  0.762657  -0.11658  -0.074405  3.70965  
25.9  0  0  0  0  0  -2.34349  0.59004  -0.01423  -0.374418  0.0604793  0  0  0  0  0  0  0  0  0  0  -1.1988  0.745304  -0.116154  -0.0760141  3.72107  
25.95  0  0  0  0  0  -2.34  0.57243  -0.0098872  -0.354574  0.0741256  0  0  0  0  0  0  0  0  0  0  -1.20625  0.742921  -0.11568  -0.0768736  3.72812  
26  0  0  0  0  0  -2.33638  0.555067  0.00276816  -0.382829  0.0862423  0  0  0  0  0  0  0  0  0  0  -1.21595  0.748508  -0.115485  -0.0775887  3.73318  
26.05  0  0  0  0  0  -2.33336  0.540654  0.00611547  -0.36716  0.0979059  0  0  0  0  0  0  0  0  0  0  -1.22466  0.752422  -0.115242  -0.0783298  3.73856  
26.1  0  0  0  0  0  -2.32871  0.520625  0.0125248  -0.362881  0.112319  0  0  0  0  0  0  0  0  0  0  -1.23015  0.746454  -0.114828  -0.0793682  3.74638  
26.15  0  0  0  0  0  -2.32456  0.503693  0.0190049  -0.361648  0.127029  0  0  0  0  0  0  0  0  0  0  -1.237  0.744998  -0.114534  -0.0801895  3.75241  
26.2  0  0  0  0  0  -2.31961  0.48411  0.0246572  -0.360411  0.142064  0  0  0  0  0  0  0  0  0  0  -1.242  0.738693  -0.114049  -0.0809584  3.7589  
26.25  0  0  0  0  0  -2.31535  0.467649  0.0337044  -0.372571  0.156161  0  0  0  0  0  0  0  0  0  0  -1.25  0.741002  -0.113829  -0.0816523  3.76385  
26.3  0  0  0  0  0  -2.31112  0.451404  0.0347102  -0.355768  0.168398  0  0  0  0  0  0  0  0  0  0  -1.25575  0.737653  -0.11338  -0.0825086  3.77068  
26.35  0  0  0  0  0  -2.30738  0.437952  0.0411041  -0.357319  0.17932  0  0  0  0  0  0  0  0  0  0  -1.26294  0.738596  -0.11309  -0.0832807  3.77634  
26.4  0  0  0  0  0  -2.30224  0.419376  0.0439087  -0.350876  0.192948  0  0  0  0  0  0  0  0  0  0  -1.2666  0.729894  -0.112626  -0.0842445  3.78381  
26.45  0  0  0  0  0  -2.29774  0.403711  0.0485148  -0.349422  0.207392  0  0  0  0  0  0  0  0  0  0  -1.27205  0.726112  -0.112255  -0.0849745  3.78955  
26.5  0  0  0  0  0  -2.29315  0.3884  0.0491477  -0.334359  0.219151  0  0  0  0  0  0  0  0  0  0  -1.27564  0.71846  -0.111554  -0.0855363  3.79574  
26.5499  0  0  0  0  0  -2.28888  0.373278  0.0537483  -0.339312  0.233654  0  0  0  0  0  0  0  0  0  0  -1.28108  0.715546  -0.110937  -0.0859776  3.80091  
26.6  0  0  0  0  0  -2.28523  0.360901  0.0535133  -0.323803  0.241955  0  0  0  0  0  0  0  0  0  0  -1.28612  0.712055  -0.110229  -0.0863988  3.80638  
26.65  0  0  0  0  0  -2.28073  0.346168  0.0591289  -0.328866  0.257539  0  0  0  0  0  0  0  0  0  0  -1.29128  0.708827  -0.109548  -0.0868589  3.81198  
26.7  0  0  0  0  0  -2.27638  0.331628  0.0646003  -0.336964  0.266609  0  0  0  0  0  0  0  0  0  0  -1.29796  0.709205  -0.109056  -0.0873603  3.81698  
26.75  0  0  0  0  0  -2.27207  0.317248  0.0635405  -0.323711  0.281309  0  0  0  0  0  0  0  0  0  0  -1.30257  0.704913  -0.108458  -0.0879445  3.82292  
26.8  0  0  0  0  0  -2.26785  0.303208  0.0649935  -0.318643  0.292612  0  0  0  0  0  0  0  0  0  0  -1.3071  0.700297  -0.107935  -0.0885378  3.82858  
26.85  0  0  0  0  0  -2.26384  0.289444  0.0665109  -0.316815  0.30694  0  0  0  0  0  0  0  0  0  0  -1.31177  0.6957  -0.107504  -0.0891693  3.83404  
26.9  0  0  0  0  0  -2.26113  0.280296  0.0654503  -0.304778  0.317759  0  0  0  0  0  0  0  0  0  0  -1.31797  0.695328  -0.107071  -0.0895919  3.83834  
26.9499  0  0  0  0  0  -2.25546  0.260141  0.0683208  -0.310508  0.337611  0  0  0  0  0  0  0  0  0  0  -1.31862  0.681614  -0.106364  -0.09048  3.84647  
27  0  0  0  0  0  -2.25241  0.249154  0.0682864  -0.304923  0.34896  0  0  0  0  0  0  0  0  0  0  -1.32548  0.68184  -0.105911  -0.0910322  3.85158  
27.05  0  0  0  0  0  -2.24841  0.233983  0.0699823  -0.309156  0.364537  0  0  0  0  0  0  0  0  0  0  -1.33039  0.677306  -0.105521  -0.0919121  3.85817  
27.1  0  0  0  0  0  -2.24605  0.225455  0.0659362  -0.287532  0.371353  0  0  0  0  0  0  0  0  0  0  -1.33652  0.676326  -0.105098  -0.0925059  3.86335  
27.1499  0  0  0  0  0  -2.24183  0.208632  0.0686727  -0.298856  0.390024  0  0  0  0  0  0  0  0  0  0  -1.33893  0.666613  -0.104681  -0.0934685  3.87047  
27.2  0  0  0  0  0  -2.23896  0.196162  0.065949  -0.28956  0.4047  0  0  0  0  0  0  0  0  0  0  -1.34345  0.661574  -0.104253  -0.0941914  3.87633  
27.25  0  0  0  0  0  -2.23615  0.183722  0.065549  -0.287645  0.416943  0  0  0  0  0  0  0  0  0  0  -1.34814  0.657208  -0.103715  -0.0948677  3.88247  
27.3  0  0  0  0  0  -2.23366  0.171583  0.0630246  -0.280657  0.432293  0  0  0  0  0  0  0  0  0  0  -1.35234  0.652103  -0.103106  -0.095507  3.88875  
27.35  0  0  0  0  0  -2.23129  0.159473  0.0620592  -0.27932  0.444803  0  0  0  0  0  0  0  0  0  0  -1.35661  0.647157  -0.102498  -0.0961225  3.8949  
27.3999  0  0  0  0  0  -2.22931  0.147446  0.0592899  -0.276049  0.45849  0  0  0  0  0  0  0  0  0  0  -1.36113  0.642572  -0.101986  -0.0967281  3.90054  
27.45  0  0  0  0  0  -2.22753  0.135425  0.0571858  -0.273357  0.471448  0  0  0  0  0  0  0  0  0  0  -1.36557  0.638027  -0.101414  -0.0972856  3.90622  
27.5  0  0  0  0  0  -2.22588  0.123637  0.0548656  -0.268605  0.484092  0  0  0  0  0  0  0  0  0  0  -1.36976  0.633084  -0.100797  -0.0978355  3.91208  
27.55  0  0  0  0  0  -2.22474  0.11174  0.0512582  -0.267208  0.498808  0  0  0  0  0  0  0  0  0  0  -1.37408  0.628417  -0.100182  -0.0983605  3.91781  
27.6  0  0  0  0  0  -2.22364  0.100096  0.0489042  -0.263493  0.511581  0  0  0  0  0  0  0  0  0  0  -1.37836  0.623521  -0.0996553  -0.0988959  3.92317  
27.65  0  0  0  0  0  -2.22285  0.0883153  0.0455839  -0.261239  0.524463  0  0  0  0  0  0  0  0  0  0  -1.38256  0.618394  -0.0991803  -0.0994296  3.92825  
27.7  0  0  0  0  0  -2.22234  0.0747604  0.0418477  -0.257838  0.539771  0  0  0  0  0  0  0  0  0  0  -1.38473  0.609654  -0.0985556  -0.0999586  3.93406  
27.75  0  0  0  0  0  -2.22227  0.0612661  0.0378407  -0.276932  0.55388  0  0  0  0  0  0  0  0  0  0  -1.39201  0.608983  -0.0983804  -0.100668  3.93848  
27.7999  0  0  0  0  0  -2.22249  0.0514967  0.0339615  -0.251203  0.564784  0  0  0  0  0  0  0  0  0  0  -1.39631  0.603924  -0.0978872  -0.101309  3.94417  
27.85  0  0  0  0  0  -2.2229  0.0381587  0.0302295  -0.262507  0.580727  0  0  0  0  0  0  0  0  0  0  -1.40064  0.598316  -0.0975534  -0.102174  3.95012  
27.9  0  0  0  0  0  -2.22329  0.0304537  0.0268071  -0.247841  0.589594  0  0  0  0  0  0  0  0  0  0  -1.40697  0.597037  -0.0971496  -0.102703  3.95477  
27.95  0  0  0  0  0  -2.22424  0.0151019  0.0225908  -0.259367  0.60534  0  0  0  0  0  0  0  0  0  0  -1.40856  0.587009  -0.0966932  -0.103681  3.96185  
28  0  0  0  0  0  -2.22523  0.0034948  0.0194532  -0.242499  0.617255  0  0  0  0  0  0  0  0  0  0  -1.41003  0.577336  -0.0959985  -0.104358  3.96869  
28.05  0  0  0  0  0  -2.22523  0.0034948  0.0194532  -0.242499  0.617255  0  0  0  0  0  0  0  0  0  0  -1.41003  0.577336  -0.0959985  -0.104358  3.96869  
28.1  0  0  0  0  0  -2.22683  -0.0118279  0.0152401  -0.246193  0.633732  0  0  0  0  0  0  0  0  0  0  -1.40971  0.564418  -0.0951005  -0.105078  3.97679  
28.15  0  0  0  0  0  -2.22858  -0.0252963  0.0109665  -0.24426  0.648592  0  0  0  0  0  0  0  0  0  0  -1.41297  0.556866  -0.0942917  -0.105754  3.98422  
28.2  0  0  0  0  0  -2.23047  -0.0385963  0.00733104  -0.242944  0.664083  0  0  0  0  0  0  0  0  0  0  -1.4164  0.549519  -0.0935199  -0.106409  3.99137  
28.25  0  0  0  0  0  -2.23261  -0.0540493  0.00201809  -0.256887  0.678477  0  0  0  0  0  0  0  0  0  0  -1.42268  0.546131  -0.0930946  -0.107117  3.99691  
28.3  0  0  0  0  0  -2.23389  -0.0638103  0.000816241  -0.246427  0.687457  0  0  0  0  0  0  0  0  0  0  -1.43102  0.546379  -0.092718  -0.107715  4.00168  
28.35  0  0  0  0  0  -2.23578  -0.0756598  -0.00345761  -0.246111  0.696958  0  0  0  0  0  0  0  0  0  0  -1.43602  0.542053  -0.0920913  -0.108431  4.0083  
28.4  0  0  0  0  0  -2.23772  -0.0895092  -0.00508386  -0.24431  0.71066  0  0  0  0  0  0  0  0  0  0  -1.43791  0.533056  -0.0913079  -0.109239  4.01616  
28.45  0  0  0  0  0  -2.23933  -0.0995694  -0.00766023  -0.239509  0.718178  0  0  0  0  0  0  0  0  0  0  -1.44298  0.529261  -0.0905568  -0.109687  4.02224  
28.5  0  0  0  0  0  -2.24096  -0.109598  -0.0111816  -0.245208  0.727663  0  0  0  0  0  0  0  0  0  0  -1.45034  0.528911  -0.0899948  -0.110082  4.02706  
28.55  0  0  0  0  0  -2.24356  -0.125985  -0.0157482  -0.259867  0.741347  0  0  0  0  0  0  0  0  0  0  -1.45437  0.52313  -0.0895418  -0.110926  4.03326  
28.5999  0  0  0  0  0  -2.24516  -0.136441  -0.0133133  -0.232753  0.749726  0  0  0  0  0  0  0  0  0  0  -1.45538  0.514128  -0.0886426  -0.111385  4.0402  
28.65  0  0  0  0  0  -2.2471  -0.149076  -0.0173864  -0.246389  0.758099  0  0  0  0  0  0  0  0  0  0  -1.45978  0.5098  -0.0878751  -0.111695  4.04579  
28.7  0  0  0  0  0  -2.24914  -0.161944  -0.0196004  -0.247752  0.768964  0  0  0  0  0  0  0  0  0  0  -1.46368  0.50507  -0.0870451  -0.111923  4.05138  
28.75  0  0  0  0  0  -2.2514  -0.177218  -0.0222792  -0.258713  0.778923  0  0  0  0  0  0  0  0  0  0  -1.46791  0.500286  -0.0863353  -0.112399  4.0574  
28.8  0  0  0  0  0  -2.25343  -0.190478  -0.0226752  -0.250317  0.788264  0  0  0  0  0  0  0  0  0  0  -1.47203  0.49526  -0.0856984  -0.112937  4.06327  
28.85  0  0  0  0  0  -2.25527  -0.203975  -0.0225166  -0.245772  0.796427  0  0  0  0  0  0  0  0  0  0  -1.47293  0.486408  -0.0848627  -0.113287  4.06947  
28.8999  0  0  0  0  0  -2.25649  -0.213139  -0.0235207  -0.246113  0.801205  0  0  0  0  0  0  0  0  0  0  -1.48001  0.485953  -0.0842296  -0.113305  4.07313  
28.95  0  0  0  0  0  -2.25854  -0.229201  -0.0249823  -0.253408  0.810199  0  0  0  0  0  0  0  0  0  0  -1.48032  0.476993  -0.0832571  -0.113439  4.07925  
28.9999  0  0  0  0  0  -2.26028  -0.245612  -0.0257716  -0.265422  0.820289  0  0  0  0  0  0  0  0  0  0  -1.48744  0.476239  -0.0826045  -0.11369  4.08405  
29.05  0  0  0  0  0  -2.26159  -0.257433  -0.0245174  -0.248839  0.825359  0  0  0  0  0  0  0  0  0  0  -1.48769  0.467156  -0.0816127  -0.113999  4.09107  
29.1  0  0  0  0  0  -2.26318  -0.274145  -0.0261343  -0.269771  0.834257  0  0  0  0  0  0  0  0  0  0  -1.49178  0.462289  -0.0809072  -0.11443  4.09695  
29.15  0  0  0  0  0  -2.264  -0.286273  -0.0243649  -0.267962  0.842123  0  0  0  0  0  0  0  0  0  0  -1.49873  0.461048  -0.0803926  -0.1148  4.10147  
29.2  0  0  0  0  0  -2.26501  -0.300848  -0.0242851  -0.269588  0.8484  0  0  0  0  0  0  0  0  0  0  -1.50212  0.455619  -0.0797736  -0.115277  4.10704  
29.25  0  0  0  0  0  -2.26564  -0.310719  -0.0229791  -0.260442  0.85529  0  0  0  0  0  0  0  0  0  0  -1.50822  0.453807  -0.0792103  -0.115568  4.11153  
29.3  0  0  0  0  0  -2.26669  -0.3305  -0.0230363  -0.278827  0.863405  0  0  0  0  0  0  0  0  0  0  -1.50734  0.443445  -0.0784648  -0.116157  4.11829  
29.35  0  0  0  0  0  -2.26736  -0.345512  -0.0216032  -0.275621  0.86853  0  0  0  0  0  0  0  0  0  0  -1.51059  0.437893  -0.0778288  -0.11658  4.12374  
29.4  0  0  0  0  0  -2.2677  -0.360626  -0.019747  -0.277084  0.877337  0  0  0  0  0  0  0  0  0  0  -1.51367  0.432132  -0.077146  -0.117051  4.12966  
29.4499  0  0  0  0  0  -2.26785  -0.373274  -0.0180857  -0.269488  0.881556  0  0  0  0  0  0  0  0  0  0  -1.51689  0.426881  -0.0763504  -0.117355  4.1356  
29.5  0  0  0  0  0  -2.26776  -0.388617  -0.0161221  -0.281636  0.887826  0  0  0  0  0  0  0  0  0  0  -1.51988  0.421481  -0.0755816  -0.117596  4.14115  
29.55  0  0  0  0  0  -2.26717  -0.404185  -0.0131688  -0.272024  0.897186  0  0  0  0  0  0  0  0  0  0  -1.51914  0.41236  -0.0745535  -0.11761  4.14741  
29.6  0  0  0  0  0  -2.26676  -0.417019  -0.0117547  -0.271949  0.902088  0  0  0  0  0  0  0  0  0  0  -1.52278  0.408138  -0.0736511  -0.117404  4.15212  
29.65  0  0  0  0  0  -2.26676  -0.417019  -0.0117547  -0.271949  0.902088  0  0  0  0  0  0  0  0  0  0  -1.52278  0.408138  -0.0736511  -0.117404  4.15212  
29.6999  0  0  0  0  0  -2.2649  -0.445525  -0.00810003  -0.276224  0.913582  0  0  0  0  0  0  0  0  0  0  -1.50983  0.385375  -0.0720922  -0.117443  4.16185  
29.75  0  0  0  0  0  -2.26329  -0.463859  -0.00339287  -0.293474  0.920924  0  0  0  0  0  0  0  0  0  0  -1.51669  0.382707  -0.0713813  -0.11751  4.16651  
29.8  0  0  0  0  0  -2.26171  -0.476978  0.000596233  -0.288249  0.927288  0  0  0  0  0  0  0  0  0  0  -1.52615  0.383164  -0.0708211  -0.117532  4.17008  
29.85  0  0  0  0  0  -2.25921  -0.495278  0.00376941  -0.286657  0.939482  0  0  0  0  0  0  0  0  0  0  -1.5276  0.375522  -0.0699569  -0.11768  4.17605  
29.9  0  0  0  0  0  -2.25672  -0.511126  0.0109162  -0.307755  0.944435  0  0  0  0  0  0  0  0  0  0  -1.53622  0.374963  -0.0693149  -0.118067  4.18152  
29.95  0  0  0  0  0  -2.25442  -0.524529  0.011606  -0.289  0.949207  0  0  0  0  0  0  0  0  0  0  -1.54039  0.370372  -0.0684718  -0.118424  4.18816  
30  0  0  0  0  0  -2.25051  -0.542952  0.0210471  -0.308091  0.960129  0  0  0  0  0  0  0  0  0  0  -1.54438  0.365302  -0.0677237  -0.119018  4.19506  
30.0499  0  0  0  0  0  -2.24814  -0.553535  0.0212746  -0.290945  0.964837  0  0  0  0  0  0  0  0  0  0  -1.55134  0.363699  -0.0670572  -0.11939  4.20063  
